# data set header
# non-radiated data sets
# energy, error, normalization
460,  0.05, 1.0
600,  0.05, 1.0
800,  0.05, 1.0


# data set selection
# energy
# data points
#  nu      cross section   stat. error       syst. error
460.0
  11.0   2.864830E+03   0.000000E+00   0.000000E+00
  12.0   2.787290E+03   0.000000E+00   0.000000E+00
  13.0   2.712970E+03   0.000000E+00   0.000000E+00
  14.0   2.641350E+03   0.000000E+00   0.000000E+00
  15.0   2.572050E+03   0.000000E+00   0.000000E+00
  16.0   2.504790E+03   0.000000E+00   0.000000E+00
  17.0   2.439370E+03   0.000000E+00   0.000000E+00
  18.0   2.375630E+03   0.000000E+00   0.000000E+00
  19.0   2.313460E+03   0.000000E+00   0.000000E+00
  20.0   2.252760E+03   0.000000E+00   0.000000E+00
  21.0   2.193460E+03   0.000000E+00   0.000000E+00
  22.0   2.135500E+03   0.000000E+00   0.000000E+00
  23.0   2.078850E+03   0.000000E+00   0.000000E+00
  24.0   2.023470E+03   0.000000E+00   0.000000E+00
  25.0   1.969330E+03   0.000000E+00   0.000000E+00
  26.0   1.916410E+03   0.000000E+00   0.000000E+00
  27.0   1.864690E+03   0.000000E+00   0.000000E+00
  28.0   1.814160E+03   0.000000E+00   0.000000E+00
  29.0   1.764820E+03   0.000000E+00   0.000000E+00
  30.0   1.716630E+03   0.000000E+00   0.000000E+00
  31.0   1.669610E+03   0.000000E+00   0.000000E+00
  32.0   1.623730E+03   0.000000E+00   0.000000E+00
  33.0   1.578990E+03   0.000000E+00   0.000000E+00
  34.0   1.535370E+03   0.000000E+00   0.000000E+00
  35.0   1.492870E+03   0.000000E+00   0.000000E+00
  36.0   1.451460E+03   0.000000E+00   0.000000E+00
  37.0   1.411150E+03   0.000000E+00   0.000000E+00
  38.0   1.371910E+03   0.000000E+00   0.000000E+00
  39.0   1.333720E+03   0.000000E+00   0.000000E+00
  40.0   1.296580E+03   0.000000E+00   0.000000E+00
  41.0   1.260460E+03   0.000000E+00   0.000000E+00
  42.0   1.225350E+03   0.000000E+00   0.000000E+00
  43.0   1.191220E+03   0.000000E+00   0.000000E+00
  44.0   1.158070E+03   0.000000E+00   0.000000E+00
  45.0   1.125870E+03   0.000000E+00   0.000000E+00
  46.0   1.094600E+03   0.000000E+00   0.000000E+00
  47.0   1.064230E+03   0.000000E+00   0.000000E+00
  48.0   1.034760E+03   0.000000E+00   0.000000E+00
  49.0   1.006150E+03   0.000000E+00   0.000000E+00
  50.0   9.783900E+02   0.000000E+00   0.000000E+00
  51.0   9.514500E+02   0.000000E+00   0.000000E+00
  52.0   9.253200E+02   0.000000E+00   0.000000E+00
  53.0   8.999700E+02   0.000000E+00   0.000000E+00
  54.0   8.753800E+02   0.000000E+00   0.000000E+00
  55.0   8.515400E+02   0.000000E+00   0.000000E+00
  56.0   8.284100E+02   0.000000E+00   0.000000E+00
  57.0   8.059800E+02   0.000000E+00   0.000000E+00
  58.0   7.842300E+02   0.000000E+00   0.000000E+00
  59.0   7.631400E+02   0.000000E+00   0.000000E+00
  60.0   7.426900E+02   0.000000E+00   0.000000E+00
  61.0   7.228600E+02   0.000000E+00   0.000000E+00
  62.0   7.036300E+02   0.000000E+00   0.000000E+00
  63.0   6.849800E+02   0.000000E+00   0.000000E+00
  64.0   6.668900E+02   0.000000E+00   0.000000E+00
  65.0   6.493600E+02   0.000000E+00   0.000000E+00
  66.0   6.323500E+02   0.000000E+00   0.000000E+00
  67.0   6.158600E+02   0.000000E+00   0.000000E+00
  68.0   5.998600E+02   0.000000E+00   0.000000E+00
  69.0   5.843400E+02   0.000000E+00   0.000000E+00
  70.0   5.692900E+02   0.000000E+00   0.000000E+00
  71.0   5.546900E+02   0.000000E+00   0.000000E+00
  72.0   5.405300E+02   0.000000E+00   0.000000E+00
  73.0   5.267800E+02   0.000000E+00   0.000000E+00
  74.0   5.134500E+02   0.000000E+00   0.000000E+00
  75.0   5.005100E+02   0.000000E+00   0.000000E+00
  76.0   4.879500E+02   0.000000E+00   0.000000E+00
  77.0   4.757600E+02   0.000000E+00   0.000000E+00
  78.0   4.639300E+02   0.000000E+00   0.000000E+00
  79.0   4.524400E+02   0.000000E+00   0.000000E+00
  80.0   4.412900E+02   0.000000E+00   0.000000E+00
  81.0   4.304600E+02   0.000000E+00   0.000000E+00
  82.0   4.199400E+02   0.000000E+00   0.000000E+00
  83.0   4.097300E+02   0.000000E+00   0.000000E+00
  84.0   3.998100E+02   0.000000E+00   0.000000E+00
  85.0   3.901700E+02   0.000000E+00   0.000000E+00
  86.0   3.808100E+02   0.000000E+00   0.000000E+00
  87.0   3.717100E+02   0.000000E+00   0.000000E+00
  88.0   3.628700E+02   0.000000E+00   0.000000E+00
  89.0   3.542800E+02   0.000000E+00   0.000000E+00
  90.0   3.459300E+02   0.000000E+00   0.000000E+00
  91.0   3.378100E+02   0.000000E+00   0.000000E+00
  92.0   3.299200E+02   0.000000E+00   0.000000E+00
  93.0   3.222400E+02   0.000000E+00   0.000000E+00
  94.0   3.147700E+02   0.000000E+00   0.000000E+00
  95.0   3.075100E+02   0.000000E+00   0.000000E+00
  96.0   3.004500E+02   0.000000E+00   0.000000E+00
  97.0   2.935800E+02   0.000000E+00   0.000000E+00
  98.0   2.869000E+02   0.000000E+00   0.000000E+00
  99.0   2.803900E+02   0.000000E+00   0.000000E+00
 100.0   2.740600E+02   0.000000E+00   0.000000E+00
 101.0   2.679000E+02   0.000000E+00   0.000000E+00
 102.0   2.619000E+02   0.000000E+00   0.000000E+00
 103.0   2.560600E+02   0.000000E+00   0.000000E+00
 104.0   2.503700E+02   0.000000E+00   0.000000E+00
 105.0   2.448300E+02   0.000000E+00   0.000000E+00
 106.0   2.394400E+02   0.000000E+00   0.000000E+00
 107.0   2.341800E+02   0.000000E+00   0.000000E+00
 108.0   2.290600E+02   0.000000E+00   0.000000E+00
 109.0   2.240800E+02   0.000000E+00   0.000000E+00
 110.0   2.192200E+02   0.000000E+00   0.000000E+00
 111.0   2.144600E+02   0.000000E+00   0.000000E+00
 112.0   2.098100E+02   0.000000E+00   0.000000E+00
 113.0   2.052800E+02   0.000000E+00   0.000000E+00
 114.0   2.008600E+02   0.000000E+00   0.000000E+00
 115.0   1.965500E+02   0.000000E+00   0.000000E+00
 116.0   1.923500E+02   0.000000E+00   0.000000E+00
 117.0   1.882600E+02   0.000000E+00   0.000000E+00
 118.0   1.842700E+02   0.000000E+00   0.000000E+00
 119.0   1.803700E+02   0.000000E+00   0.000000E+00
 120.0   1.765700E+02   0.000000E+00   0.000000E+00
 121.0   1.728600E+02   0.000000E+00   0.000000E+00
 122.0   1.692500E+02   0.000000E+00   0.000000E+00
 123.0   1.657200E+02   0.000000E+00   0.000000E+00
 124.0   1.622800E+02   0.000000E+00   0.000000E+00
 125.0   1.589100E+02   0.000000E+00   0.000000E+00
 126.0   1.556300E+02   0.000000E+00   0.000000E+00
 127.0   1.524400E+02   0.000000E+00   0.000000E+00
 128.0   1.493200E+02   0.000000E+00   0.000000E+00
 129.0   1.462800E+02   0.000000E+00   0.000000E+00
 130.0   1.433300E+02   0.000000E+00   0.000000E+00
 131.0   1.404600E+02   0.000000E+00   0.000000E+00
 132.0   1.376600E+02   0.000000E+00   0.000000E+00
 133.0   1.349500E+02   0.000000E+00   0.000000E+00
 134.0   1.323300E+02   0.000000E+00   0.000000E+00
 135.0   1.297900E+02   0.000000E+00   0.000000E+00
 136.0   1.273500E+02   0.000000E+00   0.000000E+00
 137.0   1.250000E+02   0.000000E+00   0.000000E+00
 138.0   1.227600E+02   0.000000E+00   0.000000E+00
 139.0   1.206200E+02   0.000000E+00   0.000000E+00
 140.0   1.185900E+02   0.000000E+00   0.000000E+00
 141.0   1.166800E+02   0.000000E+00   0.000000E+00
 142.0   1.148900E+02   0.000000E+00   0.000000E+00
 143.0   1.132200E+02   0.000000E+00   0.000000E+00
 144.0   1.116700E+02   0.000000E+00   0.000000E+00
 145.0   1.102600E+02   0.000000E+00   0.000000E+00
 146.0   1.089500E+02   0.000000E+00   0.000000E+00
 147.0   1.075900E+02   0.000000E+00   0.000000E+00
 148.0   1.065400E+02   0.000000E+00   0.000000E+00
 149.0   1.056200E+02   0.000000E+00   0.000000E+00
 150.0   1.048200E+02   0.000000E+00   0.000000E+00
 151.0   1.040200E+02   0.000000E+00   0.000000E+00
 152.0   1.033400E+02   0.000000E+00   0.000000E+00
 153.0   1.027900E+02   0.000000E+00   0.000000E+00
 154.0   1.022700E+02   0.000000E+00   0.000000E+00
 155.0   1.019100E+02   0.000000E+00   0.000000E+00
 156.0   1.016300E+02   0.000000E+00   0.000000E+00
 157.0   1.013400E+02   0.000000E+00   0.000000E+00
 158.0   1.011900E+02   0.000000E+00   0.000000E+00
 159.0   1.010700E+02   0.000000E+00   0.000000E+00
 160.0   1.010400E+02   0.000000E+00   0.000000E+00
 161.0   1.010300E+02   0.000000E+00   0.000000E+00
 162.0   1.011200E+02   0.000000E+00   0.000000E+00
 163.0   1.011800E+02   0.000000E+00   0.000000E+00
 164.0   1.013700E+02   0.000000E+00   0.000000E+00
 165.0   1.015300E+02   0.000000E+00   0.000000E+00
 166.0   1.017900E+02   0.000000E+00   0.000000E+00
 167.0   1.020100E+02   0.000000E+00   0.000000E+00
 168.0   1.023400E+02   0.000000E+00   0.000000E+00
 169.0   1.026700E+02   0.000000E+00   0.000000E+00
 170.0   1.030200E+02   0.000000E+00   0.000000E+00
 171.0   1.033900E+02   0.000000E+00   0.000000E+00
 172.0   1.038000E+02   0.000000E+00   0.000000E+00
 173.0   1.042500E+02   0.000000E+00   0.000000E+00
 174.0   1.047100E+02   0.000000E+00   0.000000E+00
 175.0   1.051900E+02   0.000000E+00   0.000000E+00
 176.0   1.056800E+02   0.000000E+00   0.000000E+00
 177.0   1.061700E+02   0.000000E+00   0.000000E+00
 178.0   1.067400E+02   0.000000E+00   0.000000E+00
 179.0   1.072800E+02   0.000000E+00   0.000000E+00
 180.0   1.078900E+02   0.000000E+00   0.000000E+00
 181.0   1.084800E+02   0.000000E+00   0.000000E+00
 182.0   1.090900E+02   0.000000E+00   0.000000E+00
 183.0   1.097300E+02   0.000000E+00   0.000000E+00
 184.0   1.104000E+02   0.000000E+00   0.000000E+00
 185.0   1.110900E+02   0.000000E+00   0.000000E+00
 186.0   1.117500E+02   0.000000E+00   0.000000E+00
 187.0   1.124700E+02   0.000000E+00   0.000000E+00
 188.0   1.131800E+02   0.000000E+00   0.000000E+00
 189.0   1.139400E+02   0.000000E+00   0.000000E+00
 190.0   1.146800E+02   0.000000E+00   0.000000E+00
 191.0   1.154400E+02   0.000000E+00   0.000000E+00
 192.0   1.162500E+02   0.000000E+00   0.000000E+00
 193.0   1.170700E+02   0.000000E+00   0.000000E+00
 194.0   1.178900E+02   0.000000E+00   0.000000E+00
 195.0   1.186800E+02   0.000000E+00   0.000000E+00
 196.0   1.195500E+02   0.000000E+00   0.000000E+00
 197.0   1.204000E+02   0.000000E+00   0.000000E+00
 198.0   1.212900E+02   0.000000E+00   0.000000E+00
 199.0   1.222200E+02   0.000000E+00   0.000000E+00
 200.0   1.231400E+02   0.000000E+00   0.000000E+00
 201.0   1.240600E+02   0.000000E+00   0.000000E+00
 202.0   1.250000E+02   0.000000E+00   0.000000E+00
 203.0   1.259700E+02   0.000000E+00   0.000000E+00
 204.0   1.269500E+02   0.000000E+00   0.000000E+00
 205.0   1.279400E+02   0.000000E+00   0.000000E+00
 206.0   1.289800E+02   0.000000E+00   0.000000E+00
 207.0   1.299900E+02   0.000000E+00   0.000000E+00
 208.0   1.310200E+02   0.000000E+00   0.000000E+00
 209.0   1.321100E+02   0.000000E+00   0.000000E+00
 210.0   1.330100E+02   0.000000E+00   0.000000E+00
 211.0   1.343000E+02   0.000000E+00   0.000000E+00
 212.0   1.351700E+02   0.000000E+00   0.000000E+00
 213.0   1.364700E+02   0.000000E+00   0.000000E+00
 214.0   1.376400E+02   0.000000E+00   0.000000E+00
 215.0   1.386700E+02   0.000000E+00   0.000000E+00
 216.0   1.399000E+02   0.000000E+00   0.000000E+00
 217.0   1.410900E+02   0.000000E+00   0.000000E+00
 218.0   1.422600E+02   0.000000E+00   0.000000E+00
 219.0   1.434600E+02   0.000000E+00   0.000000E+00
 220.0   1.446800E+02   0.000000E+00   0.000000E+00
 221.0   1.459000E+02   0.000000E+00   0.000000E+00
 222.0   1.471300E+02   0.000000E+00   0.000000E+00
 223.0   1.483700E+02   0.000000E+00   0.000000E+00
 224.0   1.496800E+02   0.000000E+00   0.000000E+00
 225.0   1.509700E+02   0.000000E+00   0.000000E+00
 226.0   1.522600E+02   0.000000E+00   0.000000E+00
 227.0   1.535800E+02   0.000000E+00   0.000000E+00
 228.0   1.548800E+02   0.000000E+00   0.000000E+00
 229.0   1.562600E+02   0.000000E+00   0.000000E+00
 230.0   1.575600E+02   0.000000E+00   0.000000E+00
 231.0   1.588900E+02   0.000000E+00   0.000000E+00
 232.0   1.602900E+02   0.000000E+00   0.000000E+00
 233.0   1.616400E+02   0.000000E+00   0.000000E+00
 234.0   1.630300E+02   0.000000E+00   0.000000E+00
 235.0   1.644400E+02   0.000000E+00   0.000000E+00
 236.0   1.658500E+02   0.000000E+00   0.000000E+00
 237.0   1.672200E+02   0.000000E+00   0.000000E+00
 238.0   1.686800E+02   0.000000E+00   0.000000E+00
 239.0   1.701000E+02   0.000000E+00   0.000000E+00
 240.0   1.715600E+02   0.000000E+00   0.000000E+00
 241.0   1.729300E+02   0.000000E+00   0.000000E+00
 242.0   1.743500E+02   0.000000E+00   0.000000E+00
 243.0   1.757800E+02   0.000000E+00   0.000000E+00
 244.0   1.773400E+02   0.000000E+00   0.000000E+00
 245.0   1.787300E+02   0.000000E+00   0.000000E+00
 246.0   1.800700E+02   0.000000E+00   0.000000E+00
 247.0   1.816300E+02   0.000000E+00   0.000000E+00
 248.0   1.830100E+02   0.000000E+00   0.000000E+00
 249.0   1.844500E+02   0.000000E+00   0.000000E+00
 250.0   1.858500E+02   0.000000E+00   0.000000E+00
 251.0   1.872600E+02   0.000000E+00   0.000000E+00
 252.0   1.886900E+02   0.000000E+00   0.000000E+00
 253.0   1.901200E+02   0.000000E+00   0.000000E+00
 254.0   1.914800E+02   0.000000E+00   0.000000E+00
 255.0   1.928400E+02   0.000000E+00   0.000000E+00
 256.0   1.942600E+02   0.000000E+00   0.000000E+00
 257.0   1.956000E+02   0.000000E+00   0.000000E+00
 258.0   1.969600E+02   0.000000E+00   0.000000E+00
 259.0   1.982900E+02   0.000000E+00   0.000000E+00
 260.0   1.995900E+02   0.000000E+00   0.000000E+00
 261.0   2.009100E+02   0.000000E+00   0.000000E+00
 262.0   2.021800E+02   0.000000E+00   0.000000E+00
 263.0   2.034600E+02   0.000000E+00   0.000000E+00
 264.0   2.046800E+02   0.000000E+00   0.000000E+00
 265.0   2.058700E+02   0.000000E+00   0.000000E+00
 266.0   2.070500E+02   0.000000E+00   0.000000E+00
 267.0   2.081600E+02   0.000000E+00   0.000000E+00
 268.0   2.092300E+02   0.000000E+00   0.000000E+00
 269.0   2.103100E+02   0.000000E+00   0.000000E+00
 270.0   2.114100E+02   0.000000E+00   0.000000E+00
 271.0   2.123600E+02   0.000000E+00   0.000000E+00
 272.0   2.133600E+02   0.000000E+00   0.000000E+00
 273.0   2.143100E+02   0.000000E+00   0.000000E+00
 274.0   2.152100E+02   0.000000E+00   0.000000E+00
 275.0   2.160500E+02   0.000000E+00   0.000000E+00
 276.0   2.168800E+02   0.000000E+00   0.000000E+00
 277.0   2.176800E+02   0.000000E+00   0.000000E+00
 278.0   2.183500E+02   0.000000E+00   0.000000E+00
 279.0   2.190600E+02   0.000000E+00   0.000000E+00
 280.0   2.197200E+02   0.000000E+00   0.000000E+00
 281.0   2.203100E+02   0.000000E+00   0.000000E+00
 282.0   2.208500E+02   0.000000E+00   0.000000E+00
 283.0   2.213500E+02   0.000000E+00   0.000000E+00
 284.0   2.218100E+02   0.000000E+00   0.000000E+00
 285.0   2.221900E+02   0.000000E+00   0.000000E+00
 286.0   2.225100E+02   0.000000E+00   0.000000E+00
 287.0   2.228400E+02   0.000000E+00   0.000000E+00
 288.0   2.230300E+02   0.000000E+00   0.000000E+00
 289.0   2.232400E+02   0.000000E+00   0.000000E+00
 290.0   2.233800E+02   0.000000E+00   0.000000E+00
 291.0   2.234500E+02   0.000000E+00   0.000000E+00
 292.0   2.234800E+02   0.000000E+00   0.000000E+00
 293.0   2.234600E+02   0.000000E+00   0.000000E+00
 294.0   2.233700E+02   0.000000E+00   0.000000E+00
 295.0   2.232300E+02   0.000000E+00   0.000000E+00
 296.0   2.230300E+02   0.000000E+00   0.000000E+00
 297.0   2.227900E+02   0.000000E+00   0.000000E+00
 298.0   2.224800E+02   0.000000E+00   0.000000E+00
 299.0   2.221300E+02   0.000000E+00   0.000000E+00
 300.0   2.217000E+02   0.000000E+00   0.000000E+00
 301.0   2.212500E+02   0.000000E+00   0.000000E+00
 302.0   2.207100E+02   0.000000E+00   0.000000E+00
 303.0   2.201400E+02   0.000000E+00   0.000000E+00
 304.0   2.195500E+02   0.000000E+00   0.000000E+00
 305.0   2.188700E+02   0.000000E+00   0.000000E+00
 306.0   2.181400E+02   0.000000E+00   0.000000E+00
 307.0   2.173800E+02   0.000000E+00   0.000000E+00
 308.0   2.165400E+02   0.000000E+00   0.000000E+00
 309.0   2.157000E+02   0.000000E+00   0.000000E+00
 310.0   2.147700E+02   0.000000E+00   0.000000E+00
 311.0   2.138300E+02   0.000000E+00   0.000000E+00
 312.0   2.128300E+02   0.000000E+00   0.000000E+00
 313.0   2.118000E+02   0.000000E+00   0.000000E+00
 314.0   2.107100E+02   0.000000E+00   0.000000E+00
 315.0   2.095700E+02   0.000000E+00   0.000000E+00
 316.0   2.084300E+02   0.000000E+00   0.000000E+00
 317.0   2.072300E+02   0.000000E+00   0.000000E+00
 318.0   2.060000E+02   0.000000E+00   0.000000E+00
 319.0   2.047300E+02   0.000000E+00   0.000000E+00
 320.0   2.034300E+02   0.000000E+00   0.000000E+00
 321.0   2.021200E+02   0.000000E+00   0.000000E+00
 322.0   2.007500E+02   0.000000E+00   0.000000E+00
 323.0   1.993600E+02   0.000000E+00   0.000000E+00
 324.0   1.979500E+02   0.000000E+00   0.000000E+00
 325.0   1.965000E+02   0.000000E+00   0.000000E+00
 326.0   1.950300E+02   0.000000E+00   0.000000E+00
 327.0   1.935500E+02   0.000000E+00   0.000000E+00
 328.0   1.920400E+02   0.000000E+00   0.000000E+00
 329.0   1.904900E+02   0.000000E+00   0.000000E+00
 330.0   1.889600E+02   0.000000E+00   0.000000E+00
 331.0   1.873900E+02   0.000000E+00   0.000000E+00
 332.0   1.857900E+02   0.000000E+00   0.000000E+00
 333.0   1.842300E+02   0.000000E+00   0.000000E+00
 334.0   1.826000E+02   0.000000E+00   0.000000E+00
 335.0   1.809600E+02   0.000000E+00   0.000000E+00
 336.0   1.793800E+02   0.000000E+00   0.000000E+00
 337.0   1.777600E+02   0.000000E+00   0.000000E+00
 338.0   1.760400E+02   0.000000E+00   0.000000E+00
 339.0   1.743800E+02   0.000000E+00   0.000000E+00
 340.0   1.727900E+02   0.000000E+00   0.000000E+00
 341.0   1.712000E+02   0.000000E+00   0.000000E+00
 342.0   1.694000E+02   0.000000E+00   0.000000E+00
 343.0   1.676900E+02   0.000000E+00   0.000000E+00
 344.0   1.661200E+02   0.000000E+00   0.000000E+00
 345.0   1.645800E+02   0.000000E+00   0.000000E+00
 346.0   1.627400E+02   0.000000E+00   0.000000E+00
 347.0   1.609400E+02   0.000000E+00   0.000000E+00
 348.0   1.594500E+02   0.000000E+00   0.000000E+00
 349.0   1.580100E+02   0.000000E+00   0.000000E+00
 350.0   1.561300E+02   0.000000E+00   0.000000E+00
 351.0   1.542800E+02   0.000000E+00   0.000000E+00
 352.0   1.527900E+02   0.000000E+00   0.000000E+00
 353.0   1.515100E+02   0.000000E+00   0.000000E+00
 354.0   1.496400E+02   0.000000E+00   0.000000E+00
 355.0   1.478300E+02   0.000000E+00   0.000000E+00
 356.0   1.462400E+02   0.000000E+00   0.000000E+00
 357.0   1.451200E+02   0.000000E+00   0.000000E+00
 358.0   1.433100E+02   0.000000E+00   0.000000E+00
 359.0   1.415800E+02   0.000000E+00   0.000000E+00
 360.0   1.400300E+02   0.000000E+00   0.000000E+00
 361.0   1.386100E+02   0.000000E+00   0.000000E+00
 362.0   1.371700E+02   0.000000E+00   0.000000E+00
 363.0   1.355300E+02   0.000000E+00   0.000000E+00
 364.0   1.339900E+02   0.000000E+00   0.000000E+00
 365.0   1.325400E+02   0.000000E+00   0.000000E+00
 366.0   1.310900E+02   0.000000E+00   0.000000E+00
 367.0   1.296300E+02   0.000000E+00   0.000000E+00
 368.0   1.281700E+02   0.000000E+00   0.000000E+00
 369.0   1.267100E+02   0.000000E+00   0.000000E+00
 370.0   1.253000E+02   0.000000E+00   0.000000E+00
 371.0   1.239200E+02   0.000000E+00   0.000000E+00
 372.0   1.225300E+02   0.000000E+00   0.000000E+00
 373.0   1.211500E+02   0.000000E+00   0.000000E+00
 374.0   1.197900E+02   0.000000E+00   0.000000E+00
 375.0   1.184700E+02   0.000000E+00   0.000000E+00
 376.0   1.171400E+02   0.000000E+00   0.000000E+00
 377.0   1.158400E+02   0.000000E+00   0.000000E+00
 378.0   1.145600E+02   0.000000E+00   0.000000E+00
 379.0   1.132800E+02   0.000000E+00   0.000000E+00
 380.0   1.120300E+02   0.000000E+00   0.000000E+00
 381.0   1.108000E+02   0.000000E+00   0.000000E+00
 382.0   1.095700E+02   0.000000E+00   0.000000E+00
 383.0   1.083700E+02   0.000000E+00   0.000000E+00
 384.0   1.071900E+02   0.000000E+00   0.000000E+00
 385.0   1.060100E+02   0.000000E+00   0.000000E+00
 386.0   1.048800E+02   0.000000E+00   0.000000E+00
 387.0   1.037200E+02   0.000000E+00   0.000000E+00
 388.0   1.026000E+02   0.000000E+00   0.000000E+00
 389.0   1.014800E+02   0.000000E+00   0.000000E+00
 390.0   1.004100E+02   0.000000E+00   0.000000E+00
 391.0   9.935000E+01   0.000000E+00   0.000000E+00
 392.0   9.829000E+01   0.000000E+00   0.000000E+00
 393.0   9.724000E+01   0.000000E+00   0.000000E+00
 394.0   9.620000E+01   0.000000E+00   0.000000E+00
 395.0   9.519000E+01   0.000000E+00   0.000000E+00
 396.0   9.421000E+01   0.000000E+00   0.000000E+00
 397.0   9.324000E+01   0.000000E+00   0.000000E+00
 398.0   9.225000E+01   0.000000E+00   0.000000E+00
 399.0   9.132000E+01   0.000000E+00   0.000000E+00
 400.0   9.038000E+01   0.000000E+00   0.000000E+00
 401.0   8.947000E+01   0.000000E+00   0.000000E+00
 402.0   8.855000E+01   0.000000E+00   0.000000E+00
 403.0   8.766000E+01   0.000000E+00   0.000000E+00
 404.0   8.679000E+01   0.000000E+00   0.000000E+00
 405.0   8.594000E+01   0.000000E+00   0.000000E+00
 406.0   8.510000E+01   0.000000E+00   0.000000E+00
 407.0   8.424000E+01   0.000000E+00   0.000000E+00
 408.0   8.343000E+01   0.000000E+00   0.000000E+00
 409.0   8.262000E+01   0.000000E+00   0.000000E+00
 410.0   8.183000E+01   0.000000E+00   0.000000E+00
 411.0   8.105000E+01   0.000000E+00   0.000000E+00
 412.0   8.029000E+01   0.000000E+00   0.000000E+00
 413.0   7.952000E+01   0.000000E+00   0.000000E+00
 414.0   7.878000E+01   0.000000E+00   0.000000E+00
 415.0   7.805000E+01   0.000000E+00   0.000000E+00
 416.0   7.733000E+01   0.000000E+00   0.000000E+00
 417.0   7.663000E+01   0.000000E+00   0.000000E+00
 418.0   7.593000E+01   0.000000E+00   0.000000E+00
 419.0   7.525000E+01   0.000000E+00   0.000000E+00
 420.0   7.458000E+01   0.000000E+00   0.000000E+00
 421.0   7.392000E+01   0.000000E+00   0.000000E+00
 422.0   7.327000E+01   0.000000E+00   0.000000E+00
 423.0   7.263000E+01   0.000000E+00   0.000000E+00
 424.0   7.201000E+01   0.000000E+00   0.000000E+00
 425.0   7.138000E+01   0.000000E+00   0.000000E+00
 426.0   7.078000E+01   0.000000E+00   0.000000E+00
 427.0   7.019000E+01   0.000000E+00   0.000000E+00
 428.0   6.960000E+01   0.000000E+00   0.000000E+00
 429.0   6.902000E+01   0.000000E+00   0.000000E+00
 430.0   6.846000E+01   0.000000E+00   0.000000E+00
 431.0   6.789000E+01   0.000000E+00   0.000000E+00
 432.0   6.734000E+01   0.000000E+00   0.000000E+00
 433.0   6.682000E+01   0.000000E+00   0.000000E+00
 434.0   6.628000E+01   0.000000E+00   0.000000E+00
 435.0   6.576000E+01   0.000000E+00   0.000000E+00
 436.0   6.525000E+01   0.000000E+00   0.000000E+00
 437.0   6.474000E+01   0.000000E+00   0.000000E+00
 438.0   6.424000E+01   0.000000E+00   0.000000E+00
 439.0   6.375000E+01   0.000000E+00   0.000000E+00
 440.0   6.327000E+01   0.000000E+00   0.000000E+00
600.0
  21.0   1.390392E+03   0.000000E+00   0.000000E+00
  22.0   1.363247E+03   0.000000E+00   0.000000E+00
  23.0   1.336551E+03   0.000000E+00   0.000000E+00
  24.0   1.310276E+03   0.000000E+00   0.000000E+00
  25.0   1.284405E+03   0.000000E+00   0.000000E+00
  26.0   1.258921E+03   0.000000E+00   0.000000E+00
  27.0   1.233815E+03   0.000000E+00   0.000000E+00
  28.0   1.209080E+03   0.000000E+00   0.000000E+00
  29.0   1.184710E+03   0.000000E+00   0.000000E+00
  30.0   1.160701E+03   0.000000E+00   0.000000E+00
  31.0   1.137052E+03   0.000000E+00   0.000000E+00
  32.0   1.113761E+03   0.000000E+00   0.000000E+00
  33.0   1.090828E+03   0.000000E+00   0.000000E+00
  34.0   1.068253E+03   0.000000E+00   0.000000E+00
  35.0   1.046037E+03   0.000000E+00   0.000000E+00
  36.0   1.024179E+03   0.000000E+00   0.000000E+00
  37.0   1.002681E+03   0.000000E+00   0.000000E+00
  38.0   9.815429E+02   0.000000E+00   0.000000E+00
  39.0   9.607650E+02   0.000000E+00   0.000000E+00
  40.0   9.403475E+02   0.000000E+00   0.000000E+00
  41.0   9.202905E+02   0.000000E+00   0.000000E+00
  42.0   9.005937E+02   0.000000E+00   0.000000E+00
  43.0   8.812565E+02   0.000000E+00   0.000000E+00
  44.0   8.622780E+02   0.000000E+00   0.000000E+00
  45.0   8.436571E+02   0.000000E+00   0.000000E+00
  46.0   8.253923E+02   0.000000E+00   0.000000E+00
  47.0   8.074818E+02   0.000000E+00   0.000000E+00
  48.0   7.899234E+02   0.000000E+00   0.000000E+00
  49.0   7.727148E+02   0.000000E+00   0.000000E+00
  50.0   7.558531E+02   0.000000E+00   0.000000E+00
  51.0   7.393355E+02   0.000000E+00   0.000000E+00
  52.0   7.231587E+02   0.000000E+00   0.000000E+00
  53.0   7.073192E+02   0.000000E+00   0.000000E+00
  54.0   6.918132E+02   0.000000E+00   0.000000E+00
  55.0   6.766368E+02   0.000000E+00   0.000000E+00
  56.0   6.617858E+02   0.000000E+00   0.000000E+00
  57.0   6.472560E+02   0.000000E+00   0.000000E+00
  58.0   6.330428E+02   0.000000E+00   0.000000E+00
  59.0   6.191416E+02   0.000000E+00   0.000000E+00
  60.0   6.055476E+02   0.000000E+00   0.000000E+00
  61.0   5.922559E+02   0.000000E+00   0.000000E+00
  62.0   5.792617E+02   0.000000E+00   0.000000E+00
  63.0   5.665597E+02   0.000000E+00   0.000000E+00
  64.0   5.541449E+02   0.000000E+00   0.000000E+00
  65.0   5.420121E+02   0.000000E+00   0.000000E+00
  66.0   5.301560E+02   0.000000E+00   0.000000E+00
  67.0   5.185716E+02   0.000000E+00   0.000000E+00
  68.0   5.072533E+02   0.000000E+00   0.000000E+00
  69.0   4.961961E+02   0.000000E+00   0.000000E+00
  70.0   4.853946E+02   0.000000E+00   0.000000E+00
  71.0   4.748436E+02   0.000000E+00   0.000000E+00
  72.0   4.645377E+02   0.000000E+00   0.000000E+00
  73.0   4.544720E+02   0.000000E+00   0.000000E+00
  74.0   4.446411E+02   0.000000E+00   0.000000E+00
  75.0   4.350399E+02   0.000000E+00   0.000000E+00
  76.0   4.256634E+02   0.000000E+00   0.000000E+00
  77.0   4.165065E+02   0.000000E+00   0.000000E+00
  78.0   4.075644E+02   0.000000E+00   0.000000E+00
  79.0   3.988320E+02   0.000000E+00   0.000000E+00
  80.0   3.903046E+02   0.000000E+00   0.000000E+00
  81.0   3.819774E+02   0.000000E+00   0.000000E+00
  82.0   3.738458E+02   0.000000E+00   0.000000E+00
  83.0   3.659050E+02   0.000000E+00   0.000000E+00
  84.0   3.581506E+02   0.000000E+00   0.000000E+00
  85.0   3.505782E+02   0.000000E+00   0.000000E+00
  86.0   3.431833E+02   0.000000E+00   0.000000E+00
  87.0   3.359618E+02   0.000000E+00   0.000000E+00
  88.0   3.289092E+02   0.000000E+00   0.000000E+00
  89.0   3.220217E+02   0.000000E+00   0.000000E+00
  90.0   3.152951E+02   0.000000E+00   0.000000E+00
  91.0   3.087254E+02   0.000000E+00   0.000000E+00
  92.0   3.023089E+02   0.000000E+00   0.000000E+00
  93.0   2.960417E+02   0.000000E+00   0.000000E+00
  94.0   2.899202E+02   0.000000E+00   0.000000E+00
  95.0   2.839406E+02   0.000000E+00   0.000000E+00
  96.0   2.780996E+02   0.000000E+00   0.000000E+00
  97.0   2.723936E+02   0.000000E+00   0.000000E+00
  98.0   2.668193E+02   0.000000E+00   0.000000E+00
  99.0   2.613734E+02   0.000000E+00   0.000000E+00
 100.0   2.560527E+02   0.000000E+00   0.000000E+00
 101.0   2.508539E+02   0.000000E+00   0.000000E+00
 102.0   2.457742E+02   0.000000E+00   0.000000E+00
 103.0   2.408105E+02   0.000000E+00   0.000000E+00
 104.0   2.359599E+02   0.000000E+00   0.000000E+00
 105.0   2.312196E+02   0.000000E+00   0.000000E+00
 106.0   2.265868E+02   0.000000E+00   0.000000E+00
 107.0   2.220588E+02   0.000000E+00   0.000000E+00
 108.0   2.176330E+02   0.000000E+00   0.000000E+00
 109.0   2.133069E+02   0.000000E+00   0.000000E+00
 110.0   2.090778E+02   0.000000E+00   0.000000E+00
 111.0   2.049435E+02   0.000000E+00   0.000000E+00
 112.0   2.009016E+02   0.000000E+00   0.000000E+00
 113.0   1.969498E+02   0.000000E+00   0.000000E+00
 114.0   1.930857E+02   0.000000E+00   0.000000E+00
 115.0   1.893073E+02   0.000000E+00   0.000000E+00
 116.0   1.856124E+02   0.000000E+00   0.000000E+00
 117.0   1.819990E+02   0.000000E+00   0.000000E+00
 118.0   1.784649E+02   0.000000E+00   0.000000E+00
 119.0   1.750084E+02   0.000000E+00   0.000000E+00
 120.0   1.716273E+02   0.000000E+00   0.000000E+00
 121.0   1.683200E+02   0.000000E+00   0.000000E+00
 122.0   1.650846E+02   0.000000E+00   0.000000E+00
 123.0   1.619193E+02   0.000000E+00   0.000000E+00
 124.0   1.588224E+02   0.000000E+00   0.000000E+00
 125.0   1.557922E+02   0.000000E+00   0.000000E+00
 126.0   1.528350E+02   0.000000E+00   0.000000E+00
 127.0   1.499393E+02   0.000000E+00   0.000000E+00
 128.0   1.471092E+02   0.000000E+00   0.000000E+00
 129.0   1.443447E+02   0.000000E+00   0.000000E+00
 130.0   1.416463E+02   0.000000E+00   0.000000E+00
 131.0   1.390157E+02   0.000000E+00   0.000000E+00
 132.0   1.364662E+02   0.000000E+00   0.000000E+00
 133.0   1.339777E+02   0.000000E+00   0.000000E+00
 134.0   1.315646E+02   0.000000E+00   0.000000E+00
 135.0   1.292292E+02   0.000000E+00   0.000000E+00
 136.0   1.269737E+02   0.000000E+00   0.000000E+00
 137.0   1.248060E+02   0.000000E+00   0.000000E+00
 138.0   1.227269E+02   0.000000E+00   0.000000E+00
 139.0   1.207430E+02   0.000000E+00   0.000000E+00
 140.0   1.188547E+02   0.000000E+00   0.000000E+00
 141.0   1.169954E+02   0.000000E+00   0.000000E+00
 142.0   1.152977E+02   0.000000E+00   0.000000E+00
 143.0   1.137292E+02   0.000000E+00   0.000000E+00
 144.0   1.122775E+02   0.000000E+00   0.000000E+00
 145.0   1.109451E+02   0.000000E+00   0.000000E+00
 146.0   1.097335E+02   0.000000E+00   0.000000E+00
 147.0   1.085159E+02   0.000000E+00   0.000000E+00
 148.0   1.074784E+02   0.000000E+00   0.000000E+00
 149.0   1.065888E+02   0.000000E+00   0.000000E+00
 150.0   1.057123E+02   0.000000E+00   0.000000E+00
 151.0   1.050195E+02   0.000000E+00   0.000000E+00
 152.0   1.044389E+02   0.000000E+00   0.000000E+00
 153.0   1.038606E+02   0.000000E+00   0.000000E+00
 154.0   1.034510E+02   0.000000E+00   0.000000E+00
 155.0   1.031448E+02   0.000000E+00   0.000000E+00
 156.0   1.028470E+02   0.000000E+00   0.000000E+00
 157.0   1.026775E+02   0.000000E+00   0.000000E+00
 158.0   1.025225E+02   0.000000E+00   0.000000E+00
 159.0   1.025085E+02   0.000000E+00   0.000000E+00
 160.0   1.024882E+02   0.000000E+00   0.000000E+00
 161.0   1.025904E+02   0.000000E+00   0.000000E+00
 162.0   1.026850E+02   0.000000E+00   0.000000E+00
 163.0   1.028867E+02   0.000000E+00   0.000000E+00
 164.0   1.030608E+02   0.000000E+00   0.000000E+00
 165.0   1.033961E+02   0.000000E+00   0.000000E+00
 166.0   1.036891E+02   0.000000E+00   0.000000E+00
 167.0   1.040293E+02   0.000000E+00   0.000000E+00
 168.0   1.043742E+02   0.000000E+00   0.000000E+00
 169.0   1.047842E+02   0.000000E+00   0.000000E+00
 170.0   1.052289E+02   0.000000E+00   0.000000E+00
 171.0   1.057357E+02   0.000000E+00   0.000000E+00
 172.0   1.062401E+02   0.000000E+00   0.000000E+00
 173.0   1.067570E+02   0.000000E+00   0.000000E+00
 174.0   1.073285E+02   0.000000E+00   0.000000E+00
 175.0   1.079012E+02   0.000000E+00   0.000000E+00
 176.0   1.084956E+02   0.000000E+00   0.000000E+00
 177.0   1.091179E+02   0.000000E+00   0.000000E+00
 178.0   1.097444E+02   0.000000E+00   0.000000E+00
 179.0   1.103901E+02   0.000000E+00   0.000000E+00
 180.0   1.110907E+02   0.000000E+00   0.000000E+00
 181.0   1.118414E+02   0.000000E+00   0.000000E+00
 182.0   1.125164E+02   0.000000E+00   0.000000E+00
 183.0   1.132757E+02   0.000000E+00   0.000000E+00
 184.0   1.140195E+02   0.000000E+00   0.000000E+00
 185.0   1.148036E+02   0.000000E+00   0.000000E+00
 186.0   1.156089E+02   0.000000E+00   0.000000E+00
 187.0   1.164184E+02   0.000000E+00   0.000000E+00
 188.0   1.172773E+02   0.000000E+00   0.000000E+00
 189.0   1.181206E+02   0.000000E+00   0.000000E+00
 190.0   1.190249E+02   0.000000E+00   0.000000E+00
 191.0   1.198850E+02   0.000000E+00   0.000000E+00
 192.0   1.208018E+02   0.000000E+00   0.000000E+00
 193.0   1.217366E+02   0.000000E+00   0.000000E+00
 194.0   1.226612E+02   0.000000E+00   0.000000E+00
 195.0   1.236163E+02   0.000000E+00   0.000000E+00
 196.0   1.245575E+02   0.000000E+00   0.000000E+00
 197.0   1.255860E+02   0.000000E+00   0.000000E+00
 198.0   1.266156E+02   0.000000E+00   0.000000E+00
 199.0   1.276294E+02   0.000000E+00   0.000000E+00
 200.0   1.286721E+02   0.000000E+00   0.000000E+00
 201.0   1.297365E+02   0.000000E+00   0.000000E+00
 202.0   1.308358E+02   0.000000E+00   0.000000E+00
 203.0   1.318486E+02   0.000000E+00   0.000000E+00
 204.0   1.330710E+02   0.000000E+00   0.000000E+00
 205.0   1.341200E+02   0.000000E+00   0.000000E+00
 206.0   1.353635E+02   0.000000E+00   0.000000E+00
 207.0   1.364285E+02   0.000000E+00   0.000000E+00
 208.0   1.377443E+02   0.000000E+00   0.000000E+00
 209.0   1.387632E+02   0.000000E+00   0.000000E+00
 210.0   1.400930E+02   0.000000E+00   0.000000E+00
 211.0   1.412885E+02   0.000000E+00   0.000000E+00
 212.0   1.424968E+02   0.000000E+00   0.000000E+00
 213.0   1.438406E+02   0.000000E+00   0.000000E+00
 214.0   1.450816E+02   0.000000E+00   0.000000E+00
 215.0   1.463991E+02   0.000000E+00   0.000000E+00
 216.0   1.476916E+02   0.000000E+00   0.000000E+00
 217.0   1.490645E+02   0.000000E+00   0.000000E+00
 218.0   1.504136E+02   0.000000E+00   0.000000E+00
 219.0   1.517742E+02   0.000000E+00   0.000000E+00
 220.0   1.531319E+02   0.000000E+00   0.000000E+00
 221.0   1.544913E+02   0.000000E+00   0.000000E+00
 222.0   1.559542E+02   0.000000E+00   0.000000E+00
 223.0   1.573109E+02   0.000000E+00   0.000000E+00
 224.0   1.587806E+02   0.000000E+00   0.000000E+00
 225.0   1.602491E+02   0.000000E+00   0.000000E+00
 226.0   1.617167E+02   0.000000E+00   0.000000E+00
 227.0   1.631393E+02   0.000000E+00   0.000000E+00
 228.0   1.646278E+02   0.000000E+00   0.000000E+00
 229.0   1.661572E+02   0.000000E+00   0.000000E+00
 230.0   1.676795E+02   0.000000E+00   0.000000E+00
 231.0   1.692547E+02   0.000000E+00   0.000000E+00
 232.0   1.707890E+02   0.000000E+00   0.000000E+00
 233.0   1.723475E+02   0.000000E+00   0.000000E+00
 234.0   1.739154E+02   0.000000E+00   0.000000E+00
 235.0   1.755045E+02   0.000000E+00   0.000000E+00
 236.0   1.770884E+02   0.000000E+00   0.000000E+00
 237.0   1.786936E+02   0.000000E+00   0.000000E+00
 238.0   1.802764E+02   0.000000E+00   0.000000E+00
 239.0   1.818182E+02   0.000000E+00   0.000000E+00
 240.0   1.834334E+02   0.000000E+00   0.000000E+00
 241.0   1.852115E+02   0.000000E+00   0.000000E+00
 242.0   1.867571E+02   0.000000E+00   0.000000E+00
 243.0   1.882567E+02   0.000000E+00   0.000000E+00
 244.0   1.900845E+02   0.000000E+00   0.000000E+00
 245.0   1.916324E+02   0.000000E+00   0.000000E+00
 246.0   1.932831E+02   0.000000E+00   0.000000E+00
 247.0   1.949020E+02   0.000000E+00   0.000000E+00
 248.0   1.965792E+02   0.000000E+00   0.000000E+00
 249.0   1.981328E+02   0.000000E+00   0.000000E+00
 250.0   1.998088E+02   0.000000E+00   0.000000E+00
 251.0   2.014052E+02   0.000000E+00   0.000000E+00
 252.0   2.030826E+02   0.000000E+00   0.000000E+00
 253.0   2.046450E+02   0.000000E+00   0.000000E+00
 254.0   2.062747E+02   0.000000E+00   0.000000E+00
 255.0   2.078268E+02   0.000000E+00   0.000000E+00
 256.0   2.094067E+02   0.000000E+00   0.000000E+00
 257.0   2.109239E+02   0.000000E+00   0.000000E+00
 258.0   2.124297E+02   0.000000E+00   0.000000E+00
 259.0   2.139946E+02   0.000000E+00   0.000000E+00
 260.0   2.155244E+02   0.000000E+00   0.000000E+00
 261.0   2.170184E+02   0.000000E+00   0.000000E+00
 262.0   2.184757E+02   0.000000E+00   0.000000E+00
 263.0   2.199016E+02   0.000000E+00   0.000000E+00
 264.0   2.212772E+02   0.000000E+00   0.000000E+00
 265.0   2.226897E+02   0.000000E+00   0.000000E+00
 266.0   2.241095E+02   0.000000E+00   0.000000E+00
 267.0   2.254444E+02   0.000000E+00   0.000000E+00
 268.0   2.267087E+02   0.000000E+00   0.000000E+00
 269.0   2.279786E+02   0.000000E+00   0.000000E+00
 270.0   2.292000E+02   0.000000E+00   0.000000E+00
 271.0   2.303924E+02   0.000000E+00   0.000000E+00
 272.0   2.315461E+02   0.000000E+00   0.000000E+00
 273.0   2.326685E+02   0.000000E+00   0.000000E+00
 274.0   2.337082E+02   0.000000E+00   0.000000E+00
 275.0   2.347634E+02   0.000000E+00   0.000000E+00
 276.0   2.357760E+02   0.000000E+00   0.000000E+00
 277.0   2.366729E+02   0.000000E+00   0.000000E+00
 278.0   2.375110E+02   0.000000E+00   0.000000E+00
 279.0   2.383607E+02   0.000000E+00   0.000000E+00
 280.0   2.391834E+02   0.000000E+00   0.000000E+00
 281.0   2.399128E+02   0.000000E+00   0.000000E+00
 282.0   2.406089E+02   0.000000E+00   0.000000E+00
 283.0   2.411780E+02   0.000000E+00   0.000000E+00
 284.0   2.417948E+02   0.000000E+00   0.000000E+00
 285.0   2.422772E+02   0.000000E+00   0.000000E+00
 286.0   2.428068E+02   0.000000E+00   0.000000E+00
 287.0   2.431487E+02   0.000000E+00   0.000000E+00
 288.0   2.435433E+02   0.000000E+00   0.000000E+00
 289.0   2.438112E+02   0.000000E+00   0.000000E+00
 290.0   2.440491E+02   0.000000E+00   0.000000E+00
 291.0   2.442013E+02   0.000000E+00   0.000000E+00
 292.0   2.442940E+02   0.000000E+00   0.000000E+00
 293.0   2.443418E+02   0.000000E+00   0.000000E+00
 294.0   2.443665E+02   0.000000E+00   0.000000E+00
 295.0   2.442306E+02   0.000000E+00   0.000000E+00
 296.0   2.441205E+02   0.000000E+00   0.000000E+00
 297.0   2.439177E+02   0.000000E+00   0.000000E+00
 298.0   2.436733E+02   0.000000E+00   0.000000E+00
 299.0   2.433518E+02   0.000000E+00   0.000000E+00
 300.0   2.429458E+02   0.000000E+00   0.000000E+00
 301.0   2.425290E+02   0.000000E+00   0.000000E+00
 302.0   2.420111E+02   0.000000E+00   0.000000E+00
 303.0   2.414493E+02   0.000000E+00   0.000000E+00
 304.0   2.408332E+02   0.000000E+00   0.000000E+00
 305.0   2.401712E+02   0.000000E+00   0.000000E+00
 306.0   2.394402E+02   0.000000E+00   0.000000E+00
 307.0   2.386463E+02   0.000000E+00   0.000000E+00
 308.0   2.377933E+02   0.000000E+00   0.000000E+00
 309.0   2.369180E+02   0.000000E+00   0.000000E+00
 310.0   2.359621E+02   0.000000E+00   0.000000E+00
 311.0   2.349911E+02   0.000000E+00   0.000000E+00
 312.0   2.339362E+02   0.000000E+00   0.000000E+00
 313.0   2.328320E+02   0.000000E+00   0.000000E+00
 314.0   2.316908E+02   0.000000E+00   0.000000E+00
 315.0   2.305290E+02   0.000000E+00   0.000000E+00
 316.0   2.292908E+02   0.000000E+00   0.000000E+00
 317.0   2.279926E+02   0.000000E+00   0.000000E+00
 318.0   2.266848E+02   0.000000E+00   0.000000E+00
 319.0   2.253525E+02   0.000000E+00   0.000000E+00
 320.0   2.239458E+02   0.000000E+00   0.000000E+00
 321.0   2.225227E+02   0.000000E+00   0.000000E+00
 322.0   2.210633E+02   0.000000E+00   0.000000E+00
 323.0   2.195548E+02   0.000000E+00   0.000000E+00
 324.0   2.180188E+02   0.000000E+00   0.000000E+00
 325.0   2.164396E+02   0.000000E+00   0.000000E+00
 326.0   2.148710E+02   0.000000E+00   0.000000E+00
 327.0   2.132528E+02   0.000000E+00   0.000000E+00
 328.0   2.116210E+02   0.000000E+00   0.000000E+00
 329.0   2.099451E+02   0.000000E+00   0.000000E+00
 330.0   2.082414E+02   0.000000E+00   0.000000E+00
 331.0   2.065798E+02   0.000000E+00   0.000000E+00
 332.0   2.048203E+02   0.000000E+00   0.000000E+00
 333.0   2.030213E+02   0.000000E+00   0.000000E+00
 334.0   2.013113E+02   0.000000E+00   0.000000E+00
 335.0   1.995792E+02   0.000000E+00   0.000000E+00
 336.0   1.976957E+02   0.000000E+00   0.000000E+00
 337.0   1.959181E+02   0.000000E+00   0.000000E+00
 338.0   1.941636E+02   0.000000E+00   0.000000E+00
 339.0   1.924256E+02   0.000000E+00   0.000000E+00
 340.0   1.904511E+02   0.000000E+00   0.000000E+00
 341.0   1.885698E+02   0.000000E+00   0.000000E+00
 342.0   1.868182E+02   0.000000E+00   0.000000E+00
 343.0   1.851484E+02   0.000000E+00   0.000000E+00
 344.0   1.831076E+02   0.000000E+00   0.000000E+00
 345.0   1.811285E+02   0.000000E+00   0.000000E+00
 346.0   1.793503E+02   0.000000E+00   0.000000E+00
 347.0   1.778761E+02   0.000000E+00   0.000000E+00
 348.0   1.757882E+02   0.000000E+00   0.000000E+00
 349.0   1.737167E+02   0.000000E+00   0.000000E+00
 350.0   1.718816E+02   0.000000E+00   0.000000E+00
 351.0   1.706270E+02   0.000000E+00   0.000000E+00
 352.0   1.685391E+02   0.000000E+00   0.000000E+00
 353.0   1.664920E+02   0.000000E+00   0.000000E+00
 354.0   1.646199E+02   0.000000E+00   0.000000E+00
 355.0   1.634560E+02   0.000000E+00   0.000000E+00
 356.0   1.614114E+02   0.000000E+00   0.000000E+00
 357.0   1.594459E+02   0.000000E+00   0.000000E+00
 358.0   1.576378E+02   0.000000E+00   0.000000E+00
 359.0   1.559707E+02   0.000000E+00   0.000000E+00
 360.0   1.544290E+02   0.000000E+00   0.000000E+00
 361.0   1.525607E+02   0.000000E+00   0.000000E+00
 362.0   1.507898E+02   0.000000E+00   0.000000E+00
 363.0   1.490918E+02   0.000000E+00   0.000000E+00
 364.0   1.474446E+02   0.000000E+00   0.000000E+00
 365.0   1.458025E+02   0.000000E+00   0.000000E+00
 366.0   1.441560E+02   0.000000E+00   0.000000E+00
 367.0   1.424670E+02   0.000000E+00   0.000000E+00
 368.0   1.408649E+02   0.000000E+00   0.000000E+00
 369.0   1.392626E+02   0.000000E+00   0.000000E+00
 370.0   1.376771E+02   0.000000E+00   0.000000E+00
 371.0   1.361113E+02   0.000000E+00   0.000000E+00
 372.0   1.345501E+02   0.000000E+00   0.000000E+00
 373.0   1.329869E+02   0.000000E+00   0.000000E+00
 374.0   1.314849E+02   0.000000E+00   0.000000E+00
 375.0   1.299954E+02   0.000000E+00   0.000000E+00
 376.0   1.284907E+02   0.000000E+00   0.000000E+00
 377.0   1.270609E+02   0.000000E+00   0.000000E+00
 378.0   1.256118E+02   0.000000E+00   0.000000E+00
 379.0   1.241712E+02   0.000000E+00   0.000000E+00
 380.0   1.227688E+02   0.000000E+00   0.000000E+00
 381.0   1.213375E+02   0.000000E+00   0.000000E+00
 382.0   1.199649E+02   0.000000E+00   0.000000E+00
 383.0   1.186401E+02   0.000000E+00   0.000000E+00
 384.0   1.172863E+02   0.000000E+00   0.000000E+00
 385.0   1.159688E+02   0.000000E+00   0.000000E+00
 386.0   1.146752E+02   0.000000E+00   0.000000E+00
 387.0   1.133903E+02   0.000000E+00   0.000000E+00
 388.0   1.121160E+02   0.000000E+00   0.000000E+00
 389.0   1.108660E+02   0.000000E+00   0.000000E+00
 390.0   1.096413E+02   0.000000E+00   0.000000E+00
 391.0   1.084180E+02   0.000000E+00   0.000000E+00
 392.0   1.072247E+02   0.000000E+00   0.000000E+00
 393.0   1.060545E+02   0.000000E+00   0.000000E+00
 394.0   1.049121E+02   0.000000E+00   0.000000E+00
 395.0   1.037281E+02   0.000000E+00   0.000000E+00
 396.0   1.026241E+02   0.000000E+00   0.000000E+00
 397.0   1.015433E+02   0.000000E+00   0.000000E+00
 398.0   1.004181E+02   0.000000E+00   0.000000E+00
 399.0   9.937321E+01   0.000000E+00   0.000000E+00
 400.0   9.828542E+01   0.000000E+00   0.000000E+00
 401.0   9.725112E+01   0.000000E+00   0.000000E+00
 402.0   9.622898E+01   0.000000E+00   0.000000E+00
 403.0   9.520827E+01   0.000000E+00   0.000000E+00
 404.0   9.423973E+01   0.000000E+00   0.000000E+00
 405.0   9.324197E+01   0.000000E+00   0.000000E+00
 406.0   9.227921E+01   0.000000E+00   0.000000E+00
 407.0   9.133223E+01   0.000000E+00   0.000000E+00
 408.0   9.040153E+01   0.000000E+00   0.000000E+00
 409.0   8.947686E+01   0.000000E+00   0.000000E+00
 410.0   8.859727E+01   0.000000E+00   0.000000E+00
 411.0   8.770930E+01   0.000000E+00   0.000000E+00
 412.0   8.683528E+01   0.000000E+00   0.000000E+00
 413.0   8.597574E+01   0.000000E+00   0.000000E+00
 414.0   8.512018E+01   0.000000E+00   0.000000E+00
 415.0   8.429093E+01   0.000000E+00   0.000000E+00
 416.0   8.346579E+01   0.000000E+00   0.000000E+00
 417.0   8.266954E+01   0.000000E+00   0.000000E+00
 418.0   8.188789E+01   0.000000E+00   0.000000E+00
 419.0   8.110584E+01   0.000000E+00   0.000000E+00
 420.0   8.033365E+01   0.000000E+00   0.000000E+00
 421.0   7.957455E+01   0.000000E+00   0.000000E+00
 422.0   7.883351E+01   0.000000E+00   0.000000E+00
 423.0   7.810451E+01   0.000000E+00   0.000000E+00
 424.0   7.739423E+01   0.000000E+00   0.000000E+00
 425.0   7.669149E+01   0.000000E+00   0.000000E+00
 426.0   7.598987E+01   0.000000E+00   0.000000E+00
 427.0   7.531366E+01   0.000000E+00   0.000000E+00
 428.0   7.465230E+01   0.000000E+00   0.000000E+00
 429.0   7.398474E+01   0.000000E+00   0.000000E+00
 430.0   7.333098E+01   0.000000E+00   0.000000E+00
 431.0   7.270101E+01   0.000000E+00   0.000000E+00
 432.0   7.207134E+01   0.000000E+00   0.000000E+00
 433.0   7.146140E+01   0.000000E+00   0.000000E+00
 434.0   7.085015E+01   0.000000E+00   0.000000E+00
 435.0   7.024654E+01   0.000000E+00   0.000000E+00
 436.0   6.966128E+01   0.000000E+00   0.000000E+00
 437.0   6.909110E+01   0.000000E+00   0.000000E+00
 438.0   6.851484E+01   0.000000E+00   0.000000E+00
 439.0   6.796115E+01   0.000000E+00   0.000000E+00
 440.0   6.740912E+01   0.000000E+00   0.000000E+00
 441.0   6.687269E+01   0.000000E+00   0.000000E+00
 442.0   6.634582E+01   0.000000E+00   0.000000E+00
 443.0   6.581499E+01   0.000000E+00   0.000000E+00
 444.0   6.530905E+01   0.000000E+00   0.000000E+00
 445.0   6.479330E+01   0.000000E+00   0.000000E+00
 446.0   6.431560E+01   0.000000E+00   0.000000E+00
 447.0   6.381380E+01   0.000000E+00   0.000000E+00
 448.0   6.333563E+01   0.000000E+00   0.000000E+00
 449.0   6.286849E+01   0.000000E+00   0.000000E+00
 450.0   6.239280E+01   0.000000E+00   0.000000E+00
 451.0   6.194603E+01   0.000000E+00   0.000000E+00
 452.0   6.150026E+01   0.000000E+00   0.000000E+00
 453.0   6.105456E+01   0.000000E+00   0.000000E+00
 454.0   6.061423E+01   0.000000E+00   0.000000E+00
 455.0   6.018054E+01   0.000000E+00   0.000000E+00
 456.0   5.977803E+01   0.000000E+00   0.000000E+00
 457.0   5.935908E+01   0.000000E+00   0.000000E+00
 458.0   5.894661E+01   0.000000E+00   0.000000E+00
 459.0   5.855756E+01   0.000000E+00   0.000000E+00
 460.0   5.815719E+01   0.000000E+00   0.000000E+00
 461.0   5.776825E+01   0.000000E+00   0.000000E+00
 462.0   5.738663E+01   0.000000E+00   0.000000E+00
 463.0   5.702239E+01   0.000000E+00   0.000000E+00
 464.0   5.665055E+01   0.000000E+00   0.000000E+00
 465.0   5.628551E+01   0.000000E+00   0.000000E+00
 466.0   5.592325E+01   0.000000E+00   0.000000E+00
 467.0   5.558880E+01   0.000000E+00   0.000000E+00
 468.0   5.524253E+01   0.000000E+00   0.000000E+00
 469.0   5.489629E+01   0.000000E+00   0.000000E+00
 470.0   5.455980E+01   0.000000E+00   0.000000E+00
 471.0   5.423286E+01   0.000000E+00   0.000000E+00
 472.0   5.390677E+01   0.000000E+00   0.000000E+00
 473.0   5.359830E+01   0.000000E+00   0.000000E+00
 474.0   5.329120E+01   0.000000E+00   0.000000E+00
 475.0   5.297679E+01   0.000000E+00   0.000000E+00
 476.0   5.267422E+01   0.000000E+00   0.000000E+00
 477.0   5.237844E+01   0.000000E+00   0.000000E+00
 478.0   5.208574E+01   0.000000E+00   0.000000E+00
 479.0   5.179417E+01   0.000000E+00   0.000000E+00
 480.0   5.151449E+01   0.000000E+00   0.000000E+00
 481.0   5.123917E+01   0.000000E+00   0.000000E+00
 482.0   5.096510E+01   0.000000E+00   0.000000E+00
 483.0   5.069546E+01   0.000000E+00   0.000000E+00
 484.0   5.042714E+01   0.000000E+00   0.000000E+00
 485.0   5.017331E+01   0.000000E+00   0.000000E+00
 486.0   4.991624E+01   0.000000E+00   0.000000E+00
 487.0   4.966564E+01   0.000000E+00   0.000000E+00
 488.0   4.941745E+01   0.000000E+00   0.000000E+00
 489.0   4.917565E+01   0.000000E+00   0.000000E+00
 490.0   4.893773E+01   0.000000E+00   0.000000E+00
 491.0   4.870255E+01   0.000000E+00   0.000000E+00
 492.0   4.846981E+01   0.000000E+00   0.000000E+00
 493.0   4.824110E+01   0.000000E+00   0.000000E+00
 494.0   4.801644E+01   0.000000E+00   0.000000E+00
 495.0   4.779872E+01   0.000000E+00   0.000000E+00
 496.0   4.758185E+01   0.000000E+00   0.000000E+00
 497.0   4.736925E+01   0.000000E+00   0.000000E+00
 498.0   4.715997E+01   0.000000E+00   0.000000E+00
 499.0   4.695440E+01   0.000000E+00   0.000000E+00
 500.0   4.675219E+01   0.000000E+00   0.000000E+00
 501.0   4.655385E+01   0.000000E+00   0.000000E+00
 502.0   4.635641E+01   0.000000E+00   0.000000E+00
 503.0   4.616401E+01   0.000000E+00   0.000000E+00
 504.0   4.597652E+01   0.000000E+00   0.000000E+00
 505.0   4.579235E+01   0.000000E+00   0.000000E+00
 506.0   4.561123E+01   0.000000E+00   0.000000E+00
 507.0   4.543179E+01   0.000000E+00   0.000000E+00
 508.0   4.525709E+01   0.000000E+00   0.000000E+00
 509.0   4.508605E+01   0.000000E+00   0.000000E+00
 510.0   4.491705E+01   0.000000E+00   0.000000E+00
 511.0   4.475209E+01   0.000000E+00   0.000000E+00
 512.0   4.458977E+01   0.000000E+00   0.000000E+00
 513.0   4.443100E+01   0.000000E+00   0.000000E+00
 514.0   4.427318E+01   0.000000E+00   0.000000E+00
 515.0   4.411845E+01   0.000000E+00   0.000000E+00
 516.0   4.396326E+01   0.000000E+00   0.000000E+00
 517.0   4.381337E+01   0.000000E+00   0.000000E+00
 518.0   4.366538E+01   0.000000E+00   0.000000E+00
 519.0   4.352244E+01   0.000000E+00   0.000000E+00
 520.0   4.338191E+01   0.000000E+00   0.000000E+00
 521.0   4.324610E+01   0.000000E+00   0.000000E+00
 522.0   4.311053E+01   0.000000E+00   0.000000E+00
 523.0   4.297714E+01   0.000000E+00   0.000000E+00
 524.0   4.284356E+01   0.000000E+00   0.000000E+00
 525.0   4.271736E+01   0.000000E+00   0.000000E+00
 526.0   4.259331E+01   0.000000E+00   0.000000E+00
 527.0   4.246835E+01   0.000000E+00   0.000000E+00
 528.0   4.235053E+01   0.000000E+00   0.000000E+00
 529.0   4.222993E+01   0.000000E+00   0.000000E+00
 530.0   4.211498E+01   0.000000E+00   0.000000E+00
 531.0   4.200230E+01   0.000000E+00   0.000000E+00
 532.0   4.189011E+01   0.000000E+00   0.000000E+00
 533.0   4.178361E+01   0.000000E+00   0.000000E+00
 534.0   4.167486E+01   0.000000E+00   0.000000E+00
 535.0   4.157194E+01   0.000000E+00   0.000000E+00
 536.0   4.147227E+01   0.000000E+00   0.000000E+00
 537.0   4.137337E+01   0.000000E+00   0.000000E+00
 538.0   4.127287E+01   0.000000E+00   0.000000E+00
 539.0   4.117885E+01   0.000000E+00   0.000000E+00
 540.0   4.108798E+01   0.000000E+00   0.000000E+00
 541.0   4.099472E+01   0.000000E+00   0.000000E+00
 542.0   4.090637E+01   0.000000E+00   0.000000E+00
 543.0   4.082156E+01   0.000000E+00   0.000000E+00
 544.0   4.073716E+01   0.000000E+00   0.000000E+00
 545.0   4.065434E+01   0.000000E+00   0.000000E+00
 546.0   4.057514E+01   0.000000E+00   0.000000E+00
 547.0   4.049600E+01   0.000000E+00   0.000000E+00
 548.0   4.042045E+01   0.000000E+00   0.000000E+00
 549.0   4.034661E+01   0.000000E+00   0.000000E+00
 550.0   4.027398E+01   0.000000E+00   0.000000E+00
800.0
  31.0   7.037320E+02   0.000000E+00   0.000000E+00
  32.0   6.935594E+02   0.000000E+00   0.000000E+00
  33.0   6.834814E+02   0.000000E+00   0.000000E+00
  34.0   6.734942E+02   0.000000E+00   0.000000E+00
  35.0   6.635954E+02   0.000000E+00   0.000000E+00
  36.0   6.537834E+02   0.000000E+00   0.000000E+00
  37.0   6.440570E+02   0.000000E+00   0.000000E+00
  38.0   6.344158E+02   0.000000E+00   0.000000E+00
  39.0   6.248598E+02   0.000000E+00   0.000000E+00
  40.0   6.153891E+02   0.000000E+00   0.000000E+00
  41.0   6.060047E+02   0.000000E+00   0.000000E+00
  42.0   5.967069E+02   0.000000E+00   0.000000E+00
  43.0   5.874971E+02   0.000000E+00   0.000000E+00
  44.0   5.783761E+02   0.000000E+00   0.000000E+00
  45.0   5.693449E+02   0.000000E+00   0.000000E+00
  46.0   5.604049E+02   0.000000E+00   0.000000E+00
  47.0   5.515572E+02   0.000000E+00   0.000000E+00
  48.0   5.428029E+02   0.000000E+00   0.000000E+00
  49.0   5.341431E+02   0.000000E+00   0.000000E+00
  50.0   5.255789E+02   0.000000E+00   0.000000E+00
  51.0   5.171113E+02   0.000000E+00   0.000000E+00
  52.0   5.087414E+02   0.000000E+00   0.000000E+00
  53.0   5.004701E+02   0.000000E+00   0.000000E+00
  54.0   4.922980E+02   0.000000E+00   0.000000E+00
  55.0   4.842259E+02   0.000000E+00   0.000000E+00
  56.0   4.762547E+02   0.000000E+00   0.000000E+00
  57.0   4.683846E+02   0.000000E+00   0.000000E+00
  58.0   4.606164E+02   0.000000E+00   0.000000E+00
  59.0   4.529502E+02   0.000000E+00   0.000000E+00
  60.0   4.453864E+02   0.000000E+00   0.000000E+00
  61.0   4.379254E+02   0.000000E+00   0.000000E+00
  62.0   4.305671E+02   0.000000E+00   0.000000E+00
  63.0   4.233116E+02   0.000000E+00   0.000000E+00
  64.0   4.161590E+02   0.000000E+00   0.000000E+00
  65.0   4.091089E+02   0.000000E+00   0.000000E+00
  66.0   4.021613E+02   0.000000E+00   0.000000E+00
  67.0   3.953160E+02   0.000000E+00   0.000000E+00
  68.0   3.885725E+02   0.000000E+00   0.000000E+00
  69.0   3.819305E+02   0.000000E+00   0.000000E+00
  70.0   3.753895E+02   0.000000E+00   0.000000E+00
  71.0   3.689489E+02   0.000000E+00   0.000000E+00
  72.0   3.626082E+02   0.000000E+00   0.000000E+00
  73.0   3.563667E+02   0.000000E+00   0.000000E+00
  74.0   3.502238E+02   0.000000E+00   0.000000E+00
  75.0   3.441787E+02   0.000000E+00   0.000000E+00
  76.0   3.382305E+02   0.000000E+00   0.000000E+00
  77.0   3.323786E+02   0.000000E+00   0.000000E+00
  78.0   3.266219E+02   0.000000E+00   0.000000E+00
  79.0   3.209597E+02   0.000000E+00   0.000000E+00
  80.0   3.153909E+02   0.000000E+00   0.000000E+00
  81.0   3.099145E+02   0.000000E+00   0.000000E+00
  82.0   3.045297E+02   0.000000E+00   0.000000E+00
  83.0   2.992353E+02   0.000000E+00   0.000000E+00
  84.0   2.940304E+02   0.000000E+00   0.000000E+00
  85.0   2.889137E+02   0.000000E+00   0.000000E+00
  86.0   2.838844E+02   0.000000E+00   0.000000E+00
  87.0   2.789412E+02   0.000000E+00   0.000000E+00
  88.0   2.740831E+02   0.000000E+00   0.000000E+00
  89.0   2.693089E+02   0.000000E+00   0.000000E+00
  90.0   2.646175E+02   0.000000E+00   0.000000E+00
  91.0   2.600078E+02   0.000000E+00   0.000000E+00
  92.0   2.554786E+02   0.000000E+00   0.000000E+00
  93.0   2.510287E+02   0.000000E+00   0.000000E+00
  94.0   2.466569E+02   0.000000E+00   0.000000E+00
  95.0   2.423623E+02   0.000000E+00   0.000000E+00
  96.0   2.381435E+02   0.000000E+00   0.000000E+00
  97.0   2.339994E+02   0.000000E+00   0.000000E+00
  98.0   2.299289E+02   0.000000E+00   0.000000E+00
  99.0   2.259307E+02   0.000000E+00   0.000000E+00
 100.0   2.220039E+02   0.000000E+00   0.000000E+00
 101.0   2.181471E+02   0.000000E+00   0.000000E+00
 102.0   2.143593E+02   0.000000E+00   0.000000E+00
 103.0   2.106394E+02   0.000000E+00   0.000000E+00
 104.0   2.069862E+02   0.000000E+00   0.000000E+00
 105.0   2.033986E+02   0.000000E+00   0.000000E+00
 106.0   1.998755E+02   0.000000E+00   0.000000E+00
 107.0   1.964158E+02   0.000000E+00   0.000000E+00
 108.0   1.930185E+02   0.000000E+00   0.000000E+00
 109.0   1.896824E+02   0.000000E+00   0.000000E+00
 110.0   1.864065E+02   0.000000E+00   0.000000E+00
 111.0   1.831898E+02   0.000000E+00   0.000000E+00
 112.0   1.800311E+02   0.000000E+00   0.000000E+00
 113.0   1.769296E+02   0.000000E+00   0.000000E+00
 114.0   1.738841E+02   0.000000E+00   0.000000E+00
 115.0   1.708937E+02   0.000000E+00   0.000000E+00
 116.0   1.679574E+02   0.000000E+00   0.000000E+00
 117.0   1.650742E+02   0.000000E+00   0.000000E+00
 118.0   1.622432E+02   0.000000E+00   0.000000E+00
 119.0   1.594634E+02   0.000000E+00   0.000000E+00
 120.0   1.567338E+02   0.000000E+00   0.000000E+00
 121.0   1.540536E+02   0.000000E+00   0.000000E+00
 122.0   1.514218E+02   0.000000E+00   0.000000E+00
 123.0   1.488376E+02   0.000000E+00   0.000000E+00
 124.0   1.463002E+02   0.000000E+00   0.000000E+00
 125.0   1.438085E+02   0.000000E+00   0.000000E+00
 126.0   1.413831E+02   0.000000E+00   0.000000E+00
 127.0   1.389861E+02   0.000000E+00   0.000000E+00
 128.0   1.366357E+02   0.000000E+00   0.000000E+00
 129.0   1.343324E+02   0.000000E+00   0.000000E+00
 130.0   1.320769E+02   0.000000E+00   0.000000E+00
 131.0   1.298706E+02   0.000000E+00   0.000000E+00
 132.0   1.277151E+02   0.000000E+00   0.000000E+00
 133.0   1.256125E+02   0.000000E+00   0.000000E+00
 134.0   1.235656E+02   0.000000E+00   0.000000E+00
 135.0   1.215775E+02   0.000000E+00   0.000000E+00
 136.0   1.196520E+02   0.000000E+00   0.000000E+00
 137.0   1.177931E+02   0.000000E+00   0.000000E+00
 138.0   1.160052E+02   0.000000E+00   0.000000E+00
 139.0   1.142510E+02   0.000000E+00   0.000000E+00
 140.0   1.126017E+02   0.000000E+00   0.000000E+00
 141.0   1.110318E+02   0.000000E+00   0.000000E+00
 142.0   1.095560E+02   0.000000E+00   0.000000E+00
 143.0   1.081056E+02   0.000000E+00   0.000000E+00
 144.0   1.068092E+02   0.000000E+00   0.000000E+00
 145.0   1.055899E+02   0.000000E+00   0.000000E+00
 146.0   1.044822E+02   0.000000E+00   0.000000E+00
 147.0   1.033811E+02   0.000000E+00   0.000000E+00
 148.0   1.024640E+02   0.000000E+00   0.000000E+00
 149.0   1.016448E+02   0.000000E+00   0.000000E+00
 150.0   1.008199E+02   0.000000E+00   0.000000E+00
 151.0   1.001828E+02   0.000000E+00   0.000000E+00
 152.0   9.955188E+01   0.000000E+00   0.000000E+00
 153.0   9.909860E+01   0.000000E+00   0.000000E+00
 154.0   9.873214E+01   0.000000E+00   0.000000E+00
 155.0   9.834924E+01   0.000000E+00   0.000000E+00
 156.0   9.816102E+01   0.000000E+00   0.000000E+00
 157.0   9.793024E+01   0.000000E+00   0.000000E+00
 158.0   9.788268E+01   0.000000E+00   0.000000E+00
 159.0   9.780846E+01   0.000000E+00   0.000000E+00
 160.0   9.786153E+01   0.000000E+00   0.000000E+00
 161.0   9.790040E+01   0.000000E+00   0.000000E+00
 162.0   9.804663E+01   0.000000E+00   0.000000E+00
 163.0   9.826670E+01   0.000000E+00   0.000000E+00
 164.0   9.849315E+01   0.000000E+00   0.000000E+00
 165.0   9.882393E+01   0.000000E+00   0.000000E+00
 166.0   9.916424E+01   0.000000E+00   0.000000E+00
 167.0   9.953598E+01   0.000000E+00   0.000000E+00
 168.0   9.996500E+01   0.000000E+00   0.000000E+00
 169.0   1.003815E+02   0.000000E+00   0.000000E+00
 170.0   1.008864E+02   0.000000E+00   0.000000E+00
 171.0   1.014628E+02   0.000000E+00   0.000000E+00
 172.0   1.019679E+02   0.000000E+00   0.000000E+00
 173.0   1.025931E+02   0.000000E+00   0.000000E+00
 174.0   1.031870E+02   0.000000E+00   0.000000E+00
 175.0   1.038292E+02   0.000000E+00   0.000000E+00
 176.0   1.044696E+02   0.000000E+00   0.000000E+00
 177.0   1.051771E+02   0.000000E+00   0.000000E+00
 178.0   1.059066E+02   0.000000E+00   0.000000E+00
 179.0   1.066131E+02   0.000000E+00   0.000000E+00
 180.0   1.073937E+02   0.000000E+00   0.000000E+00
 181.0   1.082014E+02   0.000000E+00   0.000000E+00
 182.0   1.089866E+02   0.000000E+00   0.000000E+00
 183.0   1.098291E+02   0.000000E+00   0.000000E+00
 184.0   1.106621E+02   0.000000E+00   0.000000E+00
 185.0   1.115361E+02   0.000000E+00   0.000000E+00
 186.0   1.124069E+02   0.000000E+00   0.000000E+00
 187.0   1.132952E+02   0.000000E+00   0.000000E+00
 188.0   1.142528E+02   0.000000E+00   0.000000E+00
 189.0   1.152195E+02   0.000000E+00   0.000000E+00
 190.0   1.161759E+02   0.000000E+00   0.000000E+00
 191.0   1.171431E+02   0.000000E+00   0.000000E+00
 192.0   1.181560E+02   0.000000E+00   0.000000E+00
 193.0   1.191673E+02   0.000000E+00   0.000000E+00
 194.0   1.201881E+02   0.000000E+00   0.000000E+00
 195.0   1.212771E+02   0.000000E+00   0.000000E+00
 196.0   1.223719E+02   0.000000E+00   0.000000E+00
 197.0   1.233377E+02   0.000000E+00   0.000000E+00
 198.0   1.246055E+02   0.000000E+00   0.000000E+00
 199.0   1.256536E+02   0.000000E+00   0.000000E+00
 200.0   1.268556E+02   0.000000E+00   0.000000E+00
 201.0   1.281007E+02   0.000000E+00   0.000000E+00
 202.0   1.291428E+02   0.000000E+00   0.000000E+00
 203.0   1.304355E+02   0.000000E+00   0.000000E+00
 204.0   1.316437E+02   0.000000E+00   0.000000E+00
 205.0   1.328857E+02   0.000000E+00   0.000000E+00
 206.0   1.341595E+02   0.000000E+00   0.000000E+00
 207.0   1.354774E+02   0.000000E+00   0.000000E+00
 208.0   1.367416E+02   0.000000E+00   0.000000E+00
 209.0   1.380775E+02   0.000000E+00   0.000000E+00
 210.0   1.394278E+02   0.000000E+00   0.000000E+00
 211.0   1.407731E+02   0.000000E+00   0.000000E+00
 212.0   1.421307E+02   0.000000E+00   0.000000E+00
 213.0   1.434989E+02   0.000000E+00   0.000000E+00
 214.0   1.449471E+02   0.000000E+00   0.000000E+00
 215.0   1.463338E+02   0.000000E+00   0.000000E+00
 216.0   1.478096E+02   0.000000E+00   0.000000E+00
 217.0   1.493098E+02   0.000000E+00   0.000000E+00
 218.0   1.507676E+02   0.000000E+00   0.000000E+00
 219.0   1.522942E+02   0.000000E+00   0.000000E+00
 220.0   1.538131E+02   0.000000E+00   0.000000E+00
 221.0   1.553519E+02   0.000000E+00   0.000000E+00
 222.0   1.569091E+02   0.000000E+00   0.000000E+00
 223.0   1.584815E+02   0.000000E+00   0.000000E+00
 224.0   1.600538E+02   0.000000E+00   0.000000E+00
 225.0   1.616589E+02   0.000000E+00   0.000000E+00
 226.0   1.633101E+02   0.000000E+00   0.000000E+00
 227.0   1.649285E+02   0.000000E+00   0.000000E+00
 228.0   1.665666E+02   0.000000E+00   0.000000E+00
 229.0   1.681971E+02   0.000000E+00   0.000000E+00
 230.0   1.699333E+02   0.000000E+00   0.000000E+00
 231.0   1.716764E+02   0.000000E+00   0.000000E+00
 232.0   1.734235E+02   0.000000E+00   0.000000E+00
 233.0   1.750978E+02   0.000000E+00   0.000000E+00
 234.0   1.767102E+02   0.000000E+00   0.000000E+00
 235.0   1.786714E+02   0.000000E+00   0.000000E+00
 236.0   1.803636E+02   0.000000E+00   0.000000E+00
 237.0   1.820773E+02   0.000000E+00   0.000000E+00
 238.0   1.839748E+02   0.000000E+00   0.000000E+00
 239.0   1.856934E+02   0.000000E+00   0.000000E+00
 240.0   1.875561E+02   0.000000E+00   0.000000E+00
 241.0   1.893030E+02   0.000000E+00   0.000000E+00
 242.0   1.911447E+02   0.000000E+00   0.000000E+00
 243.0   1.929878E+02   0.000000E+00   0.000000E+00
 244.0   1.948326E+02   0.000000E+00   0.000000E+00
 245.0   1.966656E+02   0.000000E+00   0.000000E+00
 246.0   1.985292E+02   0.000000E+00   0.000000E+00
 247.0   2.004108E+02   0.000000E+00   0.000000E+00
 248.0   2.022323E+02   0.000000E+00   0.000000E+00
 249.0   2.041274E+02   0.000000E+00   0.000000E+00
 250.0   2.059051E+02   0.000000E+00   0.000000E+00
 251.0   2.077711E+02   0.000000E+00   0.000000E+00
 252.0   2.096667E+02   0.000000E+00   0.000000E+00
 253.0   2.114625E+02   0.000000E+00   0.000000E+00
 254.0   2.133008E+02   0.000000E+00   0.000000E+00
 255.0   2.150656E+02   0.000000E+00   0.000000E+00
 256.0   2.169495E+02   0.000000E+00   0.000000E+00
 257.0   2.187762E+02   0.000000E+00   0.000000E+00
 258.0   2.205464E+02   0.000000E+00   0.000000E+00
 259.0   2.222515E+02   0.000000E+00   0.000000E+00
 260.0   2.239727E+02   0.000000E+00   0.000000E+00
 261.0   2.257550E+02   0.000000E+00   0.000000E+00
 262.0   2.274954E+02   0.000000E+00   0.000000E+00
 263.0   2.291215E+02   0.000000E+00   0.000000E+00
 264.0   2.307866E+02   0.000000E+00   0.000000E+00
 265.0   2.324481E+02   0.000000E+00   0.000000E+00
 266.0   2.340919E+02   0.000000E+00   0.000000E+00
 267.0   2.356179E+02   0.000000E+00   0.000000E+00
 268.0   2.372351E+02   0.000000E+00   0.000000E+00
 269.0   2.387766E+02   0.000000E+00   0.000000E+00
 270.0   2.402879E+02   0.000000E+00   0.000000E+00
 271.0   2.416811E+02   0.000000E+00   0.000000E+00
 272.0   2.430282E+02   0.000000E+00   0.000000E+00
 273.0   2.444387E+02   0.000000E+00   0.000000E+00
 274.0   2.457665E+02   0.000000E+00   0.000000E+00
 275.0   2.470850E+02   0.000000E+00   0.000000E+00
 276.0   2.482902E+02   0.000000E+00   0.000000E+00
 277.0   2.495236E+02   0.000000E+00   0.000000E+00
 278.0   2.506515E+02   0.000000E+00   0.000000E+00
 279.0   2.518365E+02   0.000000E+00   0.000000E+00
 280.0   2.528060E+02   0.000000E+00   0.000000E+00
 281.0   2.538730E+02   0.000000E+00   0.000000E+00
 282.0   2.547452E+02   0.000000E+00   0.000000E+00
 283.0   2.556484E+02   0.000000E+00   0.000000E+00
 284.0   2.564890E+02   0.000000E+00   0.000000E+00
 285.0   2.571850E+02   0.000000E+00   0.000000E+00
 286.0   2.578660E+02   0.000000E+00   0.000000E+00
 287.0   2.585202E+02   0.000000E+00   0.000000E+00
 288.0   2.591053E+02   0.000000E+00   0.000000E+00
 289.0   2.595906E+02   0.000000E+00   0.000000E+00
 290.0   2.600241E+02   0.000000E+00   0.000000E+00
 291.0   2.603981E+02   0.000000E+00   0.000000E+00
 292.0   2.606793E+02   0.000000E+00   0.000000E+00
 293.0   2.609283E+02   0.000000E+00   0.000000E+00
 294.0   2.611347E+02   0.000000E+00   0.000000E+00
 295.0   2.612714E+02   0.000000E+00   0.000000E+00
 296.0   2.612858E+02   0.000000E+00   0.000000E+00
 297.0   2.612932E+02   0.000000E+00   0.000000E+00
 298.0   2.612245E+02   0.000000E+00   0.000000E+00
 299.0   2.610643E+02   0.000000E+00   0.000000E+00
 300.0   2.608256E+02   0.000000E+00   0.000000E+00
 301.0   2.605544E+02   0.000000E+00   0.000000E+00
 302.0   2.602010E+02   0.000000E+00   0.000000E+00
 303.0   2.597794E+02   0.000000E+00   0.000000E+00
 304.0   2.593073E+02   0.000000E+00   0.000000E+00
 305.0   2.587981E+02   0.000000E+00   0.000000E+00
 306.0   2.581964E+02   0.000000E+00   0.000000E+00
 307.0   2.575223E+02   0.000000E+00   0.000000E+00
 308.0   2.567960E+02   0.000000E+00   0.000000E+00
 309.0   2.560027E+02   0.000000E+00   0.000000E+00
 310.0   2.551502E+02   0.000000E+00   0.000000E+00
 311.0   2.542641E+02   0.000000E+00   0.000000E+00
 312.0   2.533092E+02   0.000000E+00   0.000000E+00
 313.0   2.522955E+02   0.000000E+00   0.000000E+00
 314.0   2.512250E+02   0.000000E+00   0.000000E+00
 315.0   2.501036E+02   0.000000E+00   0.000000E+00
 316.0   2.489387E+02   0.000000E+00   0.000000E+00
 317.0   2.476987E+02   0.000000E+00   0.000000E+00
 318.0   2.464221E+02   0.000000E+00   0.000000E+00
 319.0   2.451190E+02   0.000000E+00   0.000000E+00
 320.0   2.437533E+02   0.000000E+00   0.000000E+00
 321.0   2.423373E+02   0.000000E+00   0.000000E+00
 322.0   2.408829E+02   0.000000E+00   0.000000E+00
 323.0   2.394244E+02   0.000000E+00   0.000000E+00
 324.0   2.378840E+02   0.000000E+00   0.000000E+00
 325.0   2.363032E+02   0.000000E+00   0.000000E+00
 326.0   2.347234E+02   0.000000E+00   0.000000E+00
 327.0   2.331066E+02   0.000000E+00   0.000000E+00
 328.0   2.313923E+02   0.000000E+00   0.000000E+00
 329.0   2.296758E+02   0.000000E+00   0.000000E+00
 330.0   2.280441E+02   0.000000E+00   0.000000E+00
 331.0   2.262898E+02   0.000000E+00   0.000000E+00
 332.0   2.243875E+02   0.000000E+00   0.000000E+00
 333.0   2.226447E+02   0.000000E+00   0.000000E+00
 334.0   2.209341E+02   0.000000E+00   0.000000E+00
 335.0   2.190482E+02   0.000000E+00   0.000000E+00
 336.0   2.170807E+02   0.000000E+00   0.000000E+00
 337.0   2.152116E+02   0.000000E+00   0.000000E+00
 338.0   2.134615E+02   0.000000E+00   0.000000E+00
 339.0   2.116454E+02   0.000000E+00   0.000000E+00
 340.0   2.095417E+02   0.000000E+00   0.000000E+00
 341.0   2.074658E+02   0.000000E+00   0.000000E+00
 342.0   2.055930E+02   0.000000E+00   0.000000E+00
 343.0   2.040781E+02   0.000000E+00   0.000000E+00
 344.0   2.018781E+02   0.000000E+00   0.000000E+00
 345.0   1.996713E+02   0.000000E+00   0.000000E+00
 346.0   1.976277E+02   0.000000E+00   0.000000E+00
 347.0   1.964020E+02   0.000000E+00   0.000000E+00
 348.0   1.941641E+02   0.000000E+00   0.000000E+00
 349.0   1.919455E+02   0.000000E+00   0.000000E+00
 350.0   1.898701E+02   0.000000E+00   0.000000E+00
 351.0   1.882482E+02   0.000000E+00   0.000000E+00
 352.0   1.864557E+02   0.000000E+00   0.000000E+00
 353.0   1.842806E+02   0.000000E+00   0.000000E+00
 354.0   1.822413E+02   0.000000E+00   0.000000E+00
 355.0   1.803647E+02   0.000000E+00   0.000000E+00
 356.0   1.786089E+02   0.000000E+00   0.000000E+00
 357.0   1.767046E+02   0.000000E+00   0.000000E+00
 358.0   1.746875E+02   0.000000E+00   0.000000E+00
 359.0   1.727895E+02   0.000000E+00   0.000000E+00
 360.0   1.709374E+02   0.000000E+00   0.000000E+00
 361.0   1.691006E+02   0.000000E+00   0.000000E+00
 362.0   1.672505E+02   0.000000E+00   0.000000E+00
 363.0   1.653926E+02   0.000000E+00   0.000000E+00
 364.0   1.635491E+02   0.000000E+00   0.000000E+00
 365.0   1.617315E+02   0.000000E+00   0.000000E+00
 366.0   1.599406E+02   0.000000E+00   0.000000E+00
 367.0   1.581789E+02   0.000000E+00   0.000000E+00
 368.0   1.563922E+02   0.000000E+00   0.000000E+00
 369.0   1.546490E+02   0.000000E+00   0.000000E+00
 370.0   1.528959E+02   0.000000E+00   0.000000E+00
 371.0   1.512077E+02   0.000000E+00   0.000000E+00
 372.0   1.494935E+02   0.000000E+00   0.000000E+00
 373.0   1.478065E+02   0.000000E+00   0.000000E+00
 374.0   1.461509E+02   0.000000E+00   0.000000E+00
 375.0   1.445113E+02   0.000000E+00   0.000000E+00
 376.0   1.428392E+02   0.000000E+00   0.000000E+00
 377.0   1.412609E+02   0.000000E+00   0.000000E+00
 378.0   1.396533E+02   0.000000E+00   0.000000E+00
 379.0   1.380916E+02   0.000000E+00   0.000000E+00
 380.0   1.365436E+02   0.000000E+00   0.000000E+00
 381.0   1.350253E+02   0.000000E+00   0.000000E+00
 382.0   1.334987E+02   0.000000E+00   0.000000E+00
 383.0   1.319906E+02   0.000000E+00   0.000000E+00
 384.0   1.305119E+02   0.000000E+00   0.000000E+00
 385.0   1.290406E+02   0.000000E+00   0.000000E+00
 386.0   1.276253E+02   0.000000E+00   0.000000E+00
 387.0   1.261921E+02   0.000000E+00   0.000000E+00
 388.0   1.248039E+02   0.000000E+00   0.000000E+00
 389.0   1.234190E+02   0.000000E+00   0.000000E+00
 390.0   1.220509E+02   0.000000E+00   0.000000E+00
 391.0   1.207222E+02   0.000000E+00   0.000000E+00
 392.0   1.193986E+02   0.000000E+00   0.000000E+00
 393.0   1.180929E+02   0.000000E+00   0.000000E+00
 394.0   1.167635E+02   0.000000E+00   0.000000E+00
 395.0   1.155270E+02   0.000000E+00   0.000000E+00
 396.0   1.142600E+02   0.000000E+00   0.000000E+00
 397.0   1.130522E+02   0.000000E+00   0.000000E+00
 398.0   1.118195E+02   0.000000E+00   0.000000E+00
 399.0   1.106178E+02   0.000000E+00   0.000000E+00
 400.0   1.094472E+02   0.000000E+00   0.000000E+00
 401.0   1.082912E+02   0.000000E+00   0.000000E+00
 402.0   1.071309E+02   0.000000E+00   0.000000E+00
 403.0   1.060299E+02   0.000000E+00   0.000000E+00
 404.0   1.049098E+02   0.000000E+00   0.000000E+00
 405.0   1.038147E+02   0.000000E+00   0.000000E+00
 406.0   1.027386E+02   0.000000E+00   0.000000E+00
 407.0   1.016703E+02   0.000000E+00   0.000000E+00
 408.0   1.006377E+02   0.000000E+00   0.000000E+00
 409.0   9.961573E+01   0.000000E+00   0.000000E+00
 410.0   9.859709E+01   0.000000E+00   0.000000E+00
 411.0   9.761120E+01   0.000000E+00   0.000000E+00
 412.0   9.664335E+01   0.000000E+00   0.000000E+00
 413.0   9.568701E+01   0.000000E+00   0.000000E+00
 414.0   9.473600E+01   0.000000E+00   0.000000E+00
 415.0   9.379721E+01   0.000000E+00   0.000000E+00
 416.0   9.287579E+01   0.000000E+00   0.000000E+00
 417.0   9.196669E+01   0.000000E+00   0.000000E+00
 418.0   9.109571E+01   0.000000E+00   0.000000E+00
 419.0   9.022677E+01   0.000000E+00   0.000000E+00
 420.0   8.935040E+01   0.000000E+00   0.000000E+00
 421.0   8.850374E+01   0.000000E+00   0.000000E+00
 422.0   8.769599E+01   0.000000E+00   0.000000E+00
 423.0   8.684808E+01   0.000000E+00   0.000000E+00
 424.0   8.605150E+01   0.000000E+00   0.000000E+00
 425.0   8.527897E+01   0.000000E+00   0.000000E+00
 426.0   8.447893E+01   0.000000E+00   0.000000E+00
 427.0   8.371876E+01   0.000000E+00   0.000000E+00
 428.0   8.293902E+01   0.000000E+00   0.000000E+00
 429.0   8.221905E+01   0.000000E+00   0.000000E+00
 430.0   8.148021E+01   0.000000E+00   0.000000E+00
 431.0   8.077250E+01   0.000000E+00   0.000000E+00
 432.0   8.005184E+01   0.000000E+00   0.000000E+00
 433.0   7.936499E+01   0.000000E+00   0.000000E+00
 434.0   7.867031E+01   0.000000E+00   0.000000E+00
 435.0   7.801330E+01   0.000000E+00   0.000000E+00
 436.0   7.733545E+01   0.000000E+00   0.000000E+00
 437.0   7.668997E+01   0.000000E+00   0.000000E+00
 438.0   7.603398E+01   0.000000E+00   0.000000E+00
 439.0   7.542214E+01   0.000000E+00   0.000000E+00
 440.0   7.479503E+01   0.000000E+00   0.000000E+00
 441.0   7.419670E+01   0.000000E+00   0.000000E+00
 442.0   7.358163E+01   0.000000E+00   0.000000E+00
 443.0   7.298784E+01   0.000000E+00   0.000000E+00
 444.0   7.242220E+01   0.000000E+00   0.000000E+00
 445.0   7.183966E+01   0.000000E+00   0.000000E+00
 446.0   7.127361E+01   0.000000E+00   0.000000E+00
 447.0   7.073152E+01   0.000000E+00   0.000000E+00
 448.0   7.018996E+01   0.000000E+00   0.000000E+00
 449.0   6.963615E+01   0.000000E+00   0.000000E+00
 450.0   6.912493E+01   0.000000E+00   0.000000E+00
 451.0   6.860394E+01   0.000000E+00   0.000000E+00
 452.0   6.807905E+01   0.000000E+00   0.000000E+00
 453.0   6.758149E+01   0.000000E+00   0.000000E+00
 454.0   6.709449E+01   0.000000E+00   0.000000E+00
 455.0   6.660835E+01   0.000000E+00   0.000000E+00
 456.0   6.612143E+01   0.000000E+00   0.000000E+00
 457.0   6.566680E+01   0.000000E+00   0.000000E+00
 458.0   6.519282E+01   0.000000E+00   0.000000E+00
 459.0   6.473117E+01   0.000000E+00   0.000000E+00
 460.0   6.428731E+01   0.000000E+00   0.000000E+00
 461.0   6.386183E+01   0.000000E+00   0.000000E+00
 462.0   6.341654E+01   0.000000E+00   0.000000E+00
 463.0   6.298384E+01   0.000000E+00   0.000000E+00
 464.0   6.255460E+01   0.000000E+00   0.000000E+00
 465.0   6.214199E+01   0.000000E+00   0.000000E+00
 466.0   6.174239E+01   0.000000E+00   0.000000E+00
 467.0   6.135014E+01   0.000000E+00   0.000000E+00
 468.0   6.094816E+01   0.000000E+00   0.000000E+00
 469.0   6.055671E+01   0.000000E+00   0.000000E+00
 470.0   6.017178E+01   0.000000E+00   0.000000E+00
 471.0   5.979560E+01   0.000000E+00   0.000000E+00
 472.0   5.942368E+01   0.000000E+00   0.000000E+00
 473.0   5.906496E+01   0.000000E+00   0.000000E+00
 474.0   5.870476E+01   0.000000E+00   0.000000E+00
 475.0   5.835194E+01   0.000000E+00   0.000000E+00
 476.0   5.800620E+01   0.000000E+00   0.000000E+00
 477.0   5.767057E+01   0.000000E+00   0.000000E+00
 478.0   5.732967E+01   0.000000E+00   0.000000E+00
 479.0   5.699302E+01   0.000000E+00   0.000000E+00
 480.0   5.667163E+01   0.000000E+00   0.000000E+00
 481.0   5.634729E+01   0.000000E+00   0.000000E+00
 482.0   5.602959E+01   0.000000E+00   0.000000E+00
 483.0   5.572346E+01   0.000000E+00   0.000000E+00
 484.0   5.541880E+01   0.000000E+00   0.000000E+00
 485.0   5.511454E+01   0.000000E+00   0.000000E+00
 486.0   5.481842E+01   0.000000E+00   0.000000E+00
 487.0   5.452437E+01   0.000000E+00   0.000000E+00
 488.0   5.423473E+01   0.000000E+00   0.000000E+00
 489.0   5.395391E+01   0.000000E+00   0.000000E+00
 490.0   5.367444E+01   0.000000E+00   0.000000E+00
 491.0   5.340356E+01   0.000000E+00   0.000000E+00
 492.0   5.313708E+01   0.000000E+00   0.000000E+00
 493.0   5.287116E+01   0.000000E+00   0.000000E+00
 494.0   5.260912E+01   0.000000E+00   0.000000E+00
 495.0   5.235764E+01   0.000000E+00   0.000000E+00
 496.0   5.210404E+01   0.000000E+00   0.000000E+00
 497.0   5.185367E+01   0.000000E+00   0.000000E+00
 498.0   5.161015E+01   0.000000E+00   0.000000E+00
 499.0   5.137023E+01   0.000000E+00   0.000000E+00
 500.0   5.113414E+01   0.000000E+00   0.000000E+00
 501.0   5.090207E+01   0.000000E+00   0.000000E+00
 502.0   5.067157E+01   0.000000E+00   0.000000E+00
 503.0   5.044319E+01   0.000000E+00   0.000000E+00
 504.0   5.021610E+01   0.000000E+00   0.000000E+00
 505.0   4.999205E+01   0.000000E+00   0.000000E+00
 506.0   4.977572E+01   0.000000E+00   0.000000E+00
 507.0   4.956387E+01   0.000000E+00   0.000000E+00
 508.0   4.935470E+01   0.000000E+00   0.000000E+00
 509.0   4.915064E+01   0.000000E+00   0.000000E+00
 510.0   4.895055E+01   0.000000E+00   0.000000E+00
 511.0   4.875070E+01   0.000000E+00   0.000000E+00
 512.0   4.855693E+01   0.000000E+00   0.000000E+00
 513.0   4.836737E+01   0.000000E+00   0.000000E+00
 514.0   4.817886E+01   0.000000E+00   0.000000E+00
 515.0   4.799576E+01   0.000000E+00   0.000000E+00
 516.0   4.780852E+01   0.000000E+00   0.000000E+00
 517.0   4.762719E+01   0.000000E+00   0.000000E+00
 518.0   4.745049E+01   0.000000E+00   0.000000E+00
 519.0   4.727782E+01   0.000000E+00   0.000000E+00
 520.0   4.710938E+01   0.000000E+00   0.000000E+00
 521.0   4.694008E+01   0.000000E+00   0.000000E+00
 522.0   4.677445E+01   0.000000E+00   0.000000E+00
 523.0   4.661387E+01   0.000000E+00   0.000000E+00
 524.0   4.645159E+01   0.000000E+00   0.000000E+00
 525.0   4.629548E+01   0.000000E+00   0.000000E+00
 526.0   4.614198E+01   0.000000E+00   0.000000E+00
 527.0   4.598966E+01   0.000000E+00   0.000000E+00
 528.0   4.584300E+01   0.000000E+00   0.000000E+00
 529.0   4.569808E+01   0.000000E+00   0.000000E+00
 530.0   4.555141E+01   0.000000E+00   0.000000E+00
 531.0   4.541103E+01   0.000000E+00   0.000000E+00
 532.0   4.527275E+01   0.000000E+00   0.000000E+00
 533.0   4.513952E+01   0.000000E+00   0.000000E+00
 534.0   4.500288E+01   0.000000E+00   0.000000E+00
 535.0   4.487253E+01   0.000000E+00   0.000000E+00
 536.0   4.474627E+01   0.000000E+00   0.000000E+00
 537.0   4.461880E+01   0.000000E+00   0.000000E+00
 538.0   4.449495E+01   0.000000E+00   0.000000E+00
 539.0   4.437595E+01   0.000000E+00   0.000000E+00
 540.0   4.425398E+01   0.000000E+00   0.000000E+00
 541.0   4.413927E+01   0.000000E+00   0.000000E+00
 542.0   4.402697E+01   0.000000E+00   0.000000E+00
 543.0   4.391367E+01   0.000000E+00   0.000000E+00
 544.0   4.380441E+01   0.000000E+00   0.000000E+00
 545.0   4.369634E+01   0.000000E+00   0.000000E+00
 546.0   4.359144E+01   0.000000E+00   0.000000E+00
 547.0   4.348941E+01   0.000000E+00   0.000000E+00
 548.0   4.338716E+01   0.000000E+00   0.000000E+00
 549.0   4.329057E+01   0.000000E+00   0.000000E+00
 550.0   4.319279E+01   0.000000E+00   0.000000E+00
 551.0   4.309971E+01   0.000000E+00   0.000000E+00
 552.0   4.300755E+01   0.000000E+00   0.000000E+00
 553.0   4.291794E+01   0.000000E+00   0.000000E+00
 554.0   4.283015E+01   0.000000E+00   0.000000E+00
 555.0   4.274294E+01   0.000000E+00   0.000000E+00
 556.0   4.266144E+01   0.000000E+00   0.000000E+00
 557.0   4.257964E+01   0.000000E+00   0.000000E+00
 558.0   4.250069E+01   0.000000E+00   0.000000E+00
 559.0   4.242208E+01   0.000000E+00   0.000000E+00
 560.0   4.234715E+01   0.000000E+00   0.000000E+00
 561.0   4.227283E+01   0.000000E+00   0.000000E+00
 562.0   4.220249E+01   0.000000E+00   0.000000E+00
 563.0   4.213209E+01   0.000000E+00   0.000000E+00
 564.0   4.206634E+01   0.000000E+00   0.000000E+00
 565.0   4.200048E+01   0.000000E+00   0.000000E+00
 566.0   4.193653E+01   0.000000E+00   0.000000E+00
 567.0   4.187595E+01   0.000000E+00   0.000000E+00
 568.0   4.181539E+01   0.000000E+00   0.000000E+00
 569.0   4.175886E+01   0.000000E+00   0.000000E+00
 570.0   4.170293E+01   0.000000E+00   0.000000E+00
 571.0   4.164859E+01   0.000000E+00   0.000000E+00
 572.0   4.159842E+01   0.000000E+00   0.000000E+00
 573.0   4.155008E+01   0.000000E+00   0.000000E+00
 574.0   4.149901E+01   0.000000E+00   0.000000E+00
 575.0   4.145345E+01   0.000000E+00   0.000000E+00
 576.0   4.140982E+01   0.000000E+00   0.000000E+00
 577.0   4.136853E+01   0.000000E+00   0.000000E+00
 578.0   4.132686E+01   0.000000E+00   0.000000E+00
 579.0   4.128866E+01   0.000000E+00   0.000000E+00
 580.0   4.125235E+01   0.000000E+00   0.000000E+00
 581.0   4.121915E+01   0.000000E+00   0.000000E+00
 582.0   4.118491E+01   0.000000E+00   0.000000E+00
 583.0   4.115415E+01   0.000000E+00   0.000000E+00
 584.0   4.112561E+01   0.000000E+00   0.000000E+00
 585.0   4.110089E+01   0.000000E+00   0.000000E+00
 586.0   4.107208E+01   0.000000E+00   0.000000E+00
 587.0   4.104960E+01   0.000000E+00   0.000000E+00
 588.0   4.102968E+01   0.000000E+00   0.000000E+00
 589.0   4.100883E+01   0.000000E+00   0.000000E+00
 590.0   4.099036E+01   0.000000E+00   0.000000E+00
 591.0   4.097572E+01   0.000000E+00   0.000000E+00
 592.0   4.096160E+01   0.000000E+00   0.000000E+00
 593.0   4.094813E+01   0.000000E+00   0.000000E+00
 594.0   4.094000E+01   0.000000E+00   0.000000E+00
 595.0   4.092923E+01   0.000000E+00   0.000000E+00
 596.0   4.092349E+01   0.000000E+00   0.000000E+00
 597.0   4.091968E+01   0.000000E+00   0.000000E+00
 598.0   4.091494E+01   0.000000E+00   0.000000E+00
 599.0   4.091590E+01   0.000000E+00   0.000000E+00
 600.0   4.091629E+01   0.000000E+00   0.000000E+00
 601.0   4.091647E+01   0.000000E+00   0.000000E+00
 602.0   4.092040E+01   0.000000E+00   0.000000E+00
 603.0   4.092975E+01   0.000000E+00   0.000000E+00
 604.0   4.093253E+01   0.000000E+00   0.000000E+00
 605.0   4.094333E+01   0.000000E+00   0.000000E+00
 606.0   4.095842E+01   0.000000E+00   0.000000E+00
 607.0   4.096414E+01   0.000000E+00   0.000000E+00
 608.0   4.098428E+01   0.000000E+00   0.000000E+00
 609.0   4.100072E+01   0.000000E+00   0.000000E+00
 610.0   4.100974E+01   0.000000E+00   0.000000E+00
 611.0   4.103643E+01   0.000000E+00   0.000000E+00
 612.0   4.105589E+01   0.000000E+00   0.000000E+00
 613.0   4.106942E+01   0.000000E+00   0.000000E+00
 614.0   4.110506E+01   0.000000E+00   0.000000E+00
 615.0   4.112523E+01   0.000000E+00   0.000000E+00
 616.0   4.114358E+01   0.000000E+00   0.000000E+00
 617.0   4.118525E+01   0.000000E+00   0.000000E+00
 618.0   4.120700E+01   0.000000E+00   0.000000E+00
 619.0   4.124480E+01   0.000000E+00   0.000000E+00
 620.0   4.127749E+01   0.000000E+00   0.000000E+00
 621.0   4.129963E+01   0.000000E+00   0.000000E+00
 622.0   4.134901E+01   0.000000E+00   0.000000E+00
 623.0   4.137785E+01   0.000000E+00   0.000000E+00
 624.0   4.142104E+01   0.000000E+00   0.000000E+00
 625.0   4.145874E+01   0.000000E+00   0.000000E+00
 626.0   4.149227E+01   0.000000E+00   0.000000E+00
 627.0   4.154421E+01   0.000000E+00   0.000000E+00
 628.0   4.158340E+01   0.000000E+00   0.000000E+00
 629.0   4.162768E+01   0.000000E+00   0.000000E+00
 630.0   4.167369E+01   0.000000E+00   0.000000E+00
 631.0   4.171569E+01   0.000000E+00   0.000000E+00
 632.0   4.176817E+01   0.000000E+00   0.000000E+00
 633.0   4.181387E+01   0.000000E+00   0.000000E+00
 634.0   4.186305E+01   0.000000E+00   0.000000E+00
 635.0   4.191340E+01   0.000000E+00   0.000000E+00
 636.0   4.196057E+01   0.000000E+00   0.000000E+00
 637.0   4.201641E+01   0.000000E+00   0.000000E+00
 638.0   4.206827E+01   0.000000E+00   0.000000E+00
 639.0   4.211652E+01   0.000000E+00   0.000000E+00
 640.0   4.217315E+01   0.000000E+00   0.000000E+00
 641.0   4.222274E+01   0.000000E+00   0.000000E+00
 642.0   4.227872E+01   0.000000E+00   0.000000E+00
 643.0   4.233677E+01   0.000000E+00   0.000000E+00
 644.0   4.238632E+01   0.000000E+00   0.000000E+00
 645.0   4.244826E+01   0.000000E+00   0.000000E+00
 646.0   4.250229E+01   0.000000E+00   0.000000E+00
 647.0   4.255605E+01   0.000000E+00   0.000000E+00
 648.0   4.261810E+01   0.000000E+00   0.000000E+00
 649.0   4.266900E+01   0.000000E+00   0.000000E+00
 650.0   4.272821E+01   0.000000E+00   0.000000E+00
 651.0   4.278511E+01   0.000000E+00   0.000000E+00
 652.0   4.283455E+01   0.000000E+00   0.000000E+00
 653.0   4.289253E+01   0.000000E+00   0.000000E+00
 654.0   4.294887E+01   0.000000E+00   0.000000E+00
 655.0   4.300219E+01   0.000000E+00   0.000000E+00
 656.0   4.305903E+01   0.000000E+00   0.000000E+00
 657.0   4.311490E+01   0.000000E+00   0.000000E+00
 658.0   4.316034E+01   0.000000E+00   0.000000E+00
 659.0   4.321695E+01   0.000000E+00   0.000000E+00
 660.0   4.327259E+01   0.000000E+00   0.000000E+00
 661.0   4.331933E+01   0.000000E+00   0.000000E+00
 662.0   4.336723E+01   0.000000E+00   0.000000E+00
 663.0   4.342228E+01   0.000000E+00   0.000000E+00
 664.0   4.347340E+01   0.000000E+00   0.000000E+00
 665.0   4.351999E+01   0.000000E+00   0.000000E+00
 666.0   4.356192E+01   0.000000E+00   0.000000E+00
 667.0   4.361983E+01   0.000000E+00   0.000000E+00
 668.0   4.365799E+01   0.000000E+00   0.000000E+00
 669.0   4.369530E+01   0.000000E+00   0.000000E+00
 670.0   4.374739E+01   0.000000E+00   0.000000E+00
 671.0   4.378769E+01   0.000000E+00   0.000000E+00
 672.0   4.382151E+01   0.000000E+00   0.000000E+00
 673.0   4.386106E+01   0.000000E+00   0.000000E+00
 674.0   4.389839E+01   0.000000E+00   0.000000E+00
 675.0   4.393167E+01   0.000000E+00   0.000000E+00
 676.0   4.396097E+01   0.000000E+00   0.000000E+00
 677.0   4.399570E+01   0.000000E+00   0.000000E+00
 678.0   4.402650E+01   0.000000E+00   0.000000E+00
 679.0   4.404941E+01   0.000000E+00   0.000000E+00
 680.0   4.407878E+01   0.000000E+00   0.000000E+00
 681.0   4.410289E+01   0.000000E+00   0.000000E+00
 682.0   4.412551E+01   0.000000E+00   0.000000E+00
 683.0   4.414667E+01   0.000000E+00   0.000000E+00
 684.0   4.416525E+01   0.000000E+00   0.000000E+00
 685.0   4.418185E+01   0.000000E+00   0.000000E+00
 686.0   4.419010E+01   0.000000E+00   0.000000E+00
 687.0   4.420217E+01   0.000000E+00   0.000000E+00
 688.0   4.421857E+01   0.000000E+00   0.000000E+00
 689.0   4.422599E+01   0.000000E+00   0.000000E+00
 690.0   4.423177E+01   0.000000E+00   0.000000E+00
 691.0   4.423430E+01   0.000000E+00   0.000000E+00
 692.0   4.423374E+01   0.000000E+00   0.000000E+00
 693.0   4.423421E+01   0.000000E+00   0.000000E+00
 694.0   4.422119E+01   0.000000E+00   0.000000E+00
 695.0   4.421752E+01   0.000000E+00   0.000000E+00
 696.0   4.420909E+01   0.000000E+00   0.000000E+00
 697.0   4.420052E+01   0.000000E+00   0.000000E+00
 698.0   4.419342E+01   0.000000E+00   0.000000E+00
 699.0   4.418013E+01   0.000000E+00   0.000000E+00
 700.0   4.416378E+01   0.000000E+00   0.000000E+00
 701.0   4.413844E+01   0.000000E+00   0.000000E+00
 702.0   4.411474E+01   0.000000E+00   0.000000E+00
 703.0   4.409109E+01   0.000000E+00   0.000000E+00
 704.0   4.406192E+01   0.000000E+00   0.000000E+00
 705.0   4.403452E+01   0.000000E+00   0.000000E+00
 706.0   4.400637E+01   0.000000E+00   0.000000E+00
 707.0   4.397141E+01   0.000000E+00   0.000000E+00
 708.0   4.393515E+01   0.000000E+00   0.000000E+00
 709.0   4.389286E+01   0.000000E+00   0.000000E+00
 710.0   4.384789E+01   0.000000E+00   0.000000E+00
 711.0   4.380422E+01   0.000000E+00   0.000000E+00
 712.0   4.375889E+01   0.000000E+00   0.000000E+00
 713.0   4.370883E+01   0.000000E+00   0.000000E+00
 714.0   4.366272E+01   0.000000E+00   0.000000E+00
 715.0   4.360887E+01   0.000000E+00   0.000000E+00
 716.0   4.355791E+01   0.000000E+00   0.000000E+00
 717.0   4.349937E+01   0.000000E+00   0.000000E+00
 718.0   4.343206E+01   0.000000E+00   0.000000E+00
 719.0   4.337717E+01   0.000000E+00   0.000000E+00
 720.0   4.331161E+01   0.000000E+00   0.000000E+00
 721.0   4.324690E+01   0.000000E+00   0.000000E+00
 722.0   4.318410E+01   0.000000E+00   0.000000E+00
 723.0   4.311630E+01   0.000000E+00   0.000000E+00
 724.0   4.303793E+01   0.000000E+00   0.000000E+00
 725.0   4.296889E+01   0.000000E+00   0.000000E+00
 726.0   4.289372E+01   0.000000E+00   0.000000E+00
 727.0   4.281505E+01   0.000000E+00   0.000000E+00
 728.0   4.273350E+01   0.000000E+00   0.000000E+00
 729.0   4.265290E+01   0.000000E+00   0.000000E+00
 730.0   4.257257E+01   0.000000E+00   0.000000E+00
 731.0   4.248579E+01   0.000000E+00   0.000000E+00
 732.0   4.239770E+01   0.000000E+00   0.000000E+00
 733.0   4.231500E+01   0.000000E+00   0.000000E+00
 734.0   4.222184E+01   0.000000E+00   0.000000E+00
 735.0   4.213130E+01   0.000000E+00   0.000000E+00
 736.0   4.204111E+01   0.000000E+00   0.000000E+00
 737.0   4.194910E+01   0.000000E+00   0.000000E+00
 738.0   4.184628E+01   0.000000E+00   0.000000E+00
 739.0   4.175126E+01   0.000000E+00   0.000000E+00
 740.0   4.165338E+01   0.000000E+00   0.000000E+00
 741.0   4.155537E+01   0.000000E+00   0.000000E+00
 742.0   4.145261E+01   0.000000E+00   0.000000E+00
 743.0   4.135075E+01   0.000000E+00   0.000000E+00
 744.0   4.124114E+01   0.000000E+00   0.000000E+00
 745.0   4.114036E+01   0.000000E+00   0.000000E+00
 746.0   4.103191E+01   0.000000E+00   0.000000E+00
 747.0   4.092555E+01   0.000000E+00   0.000000E+00
 748.0   4.081537E+01   0.000000E+00   0.000000E+00
 749.0   4.070742E+01   0.000000E+00   0.000000E+00
 750.0   4.060131E+01   0.000000E+00   0.000000E+00
