# data set header
# non-radiated data sets
# energy, error, normalization
1096,  0.05, 1.0

# data set selection
# energy
# data points
#  nu      cross section   stat. error       syst. error
1096.0
  20.0   2.567000E+02   0.000000E+00   0.000000E+00
  21.0   2.772000E+02   0.000000E+00   0.000000E+00
  22.0   2.998000E+02   0.000000E+00   0.000000E+00
  23.0   3.248000E+02   0.000000E+00   0.000000E+00
  24.0   3.522000E+02   0.000000E+00   0.000000E+00
  25.0   3.824000E+02   0.000000E+00   0.000000E+00
  26.0   4.154000E+02   0.000000E+00   0.000000E+00
  27.0   4.514000E+02   0.000000E+00   0.000000E+00
  28.0   4.906000E+02   0.000000E+00   0.000000E+00
  29.0   5.331000E+02   0.000000E+00   0.000000E+00
  30.0   5.788000E+02   0.000000E+00   0.000000E+00
  31.0   6.279000E+02   0.000000E+00   0.000000E+00
  32.0   6.801000E+02   0.000000E+00   0.000000E+00
  33.0   7.353000E+02   0.000000E+00   0.000000E+00
  34.0   7.931000E+02   0.000000E+00   0.000000E+00
  35.0   8.532000E+02   0.000000E+00   0.000000E+00
  36.0   9.151000E+02   0.000000E+00   0.000000E+00
  37.0   9.780000E+02   0.000000E+00   0.000000E+00
  38.0   1.041200E+03   0.000000E+00   0.000000E+00
  39.0   1.103800E+03   0.000000E+00   0.000000E+00
  40.0   1.165100E+03   0.000000E+00   0.000000E+00
  41.0   1.223900E+03   0.000000E+00   0.000000E+00
  42.0   1.279500E+03   0.000000E+00   0.000000E+00
  43.0   1.331000E+03   0.000000E+00   0.000000E+00
  44.0   1.377700E+03   0.000000E+00   0.000000E+00
  45.0   1.418900E+03   0.000000E+00   0.000000E+00
  46.0   1.454300E+03   0.000000E+00   0.000000E+00
  47.0   1.483500E+03   0.000000E+00   0.000000E+00
  48.0   1.506400E+03   0.000000E+00   0.000000E+00
  49.0   1.523100E+03   0.000000E+00   0.000000E+00
  50.0   1.533800E+03   0.000000E+00   0.000000E+00
  51.0   1.538600E+03   0.000000E+00   0.000000E+00
  52.0   1.538100E+03   0.000000E+00   0.000000E+00
  53.0   1.532700E+03   0.000000E+00   0.000000E+00
  54.0   1.522800E+03   0.000000E+00   0.000000E+00
  55.0   1.508900E+03   0.000000E+00   0.000000E+00
  56.0   1.491600E+03   0.000000E+00   0.000000E+00
  57.0   1.471200E+03   0.000000E+00   0.000000E+00
  58.0   1.448400E+03   0.000000E+00   0.000000E+00
  59.0   1.423400E+03   0.000000E+00   0.000000E+00
  60.0   1.396700E+03   0.000000E+00   0.000000E+00
  61.0   1.368600E+03   0.000000E+00   0.000000E+00
  62.0   1.339400E+03   0.000000E+00   0.000000E+00
  63.0   1.309500E+03   0.000000E+00   0.000000E+00
  64.0   1.278900E+03   0.000000E+00   0.000000E+00
  65.0   1.248100E+03   0.000000E+00   0.000000E+00
  66.0   1.217100E+03   0.000000E+00   0.000000E+00
  67.0   1.186000E+03   0.000000E+00   0.000000E+00
  68.0   1.155100E+03   0.000000E+00   0.000000E+00
  69.0   1.124400E+03   0.000000E+00   0.000000E+00
  70.0   1.094000E+03   0.000000E+00   0.000000E+00
  71.0   1.064100E+03   0.000000E+00   0.000000E+00
  72.0   1.034600E+03   0.000000E+00   0.000000E+00
  73.0   1.005500E+03   0.000000E+00   0.000000E+00
  74.0   9.771000E+02   0.000000E+00   0.000000E+00
  75.0   9.493000E+02   0.000000E+00   0.000000E+00
  76.0   9.221000E+02   0.000000E+00   0.000000E+00
  77.0   8.955000E+02   0.000000E+00   0.000000E+00
  78.0   8.696000E+02   0.000000E+00   0.000000E+00
  79.0   8.443000E+02   0.000000E+00   0.000000E+00
  80.0   8.197000E+02   0.000000E+00   0.000000E+00
  81.0   7.958000E+02   0.000000E+00   0.000000E+00
  82.0   7.725000E+02   0.000000E+00   0.000000E+00
  83.0   7.498000E+02   0.000000E+00   0.000000E+00
  84.0   7.278000E+02   0.000000E+00   0.000000E+00
  85.0   7.064000E+02   0.000000E+00   0.000000E+00
  86.0   6.857000E+02   0.000000E+00   0.000000E+00
  87.0   6.655000E+02   0.000000E+00   0.000000E+00
  88.0   6.460000E+02   0.000000E+00   0.000000E+00
  89.0   6.270000E+02   0.000000E+00   0.000000E+00
  90.0   6.086000E+02   0.000000E+00   0.000000E+00
  91.0   5.908000E+02   0.000000E+00   0.000000E+00
  92.0   5.736000E+02   0.000000E+00   0.000000E+00
  93.0   5.568000E+02   0.000000E+00   0.000000E+00
  94.0   5.406000E+02   0.000000E+00   0.000000E+00
  95.0   5.249000E+02   0.000000E+00   0.000000E+00
  96.0   5.096000E+02   0.000000E+00   0.000000E+00
  97.0   4.949000E+02   0.000000E+00   0.000000E+00
  98.0   4.806000E+02   0.000000E+00   0.000000E+00
  99.0   4.667000E+02   0.000000E+00   0.000000E+00
 100.0   4.533000E+02   0.000000E+00   0.000000E+00
 101.0   4.403000E+02   0.000000E+00   0.000000E+00
 102.0   4.277000E+02   0.000000E+00   0.000000E+00
 103.0   4.155000E+02   0.000000E+00   0.000000E+00
 104.0   4.037000E+02   0.000000E+00   0.000000E+00
 105.0   3.922000E+02   0.000000E+00   0.000000E+00
 106.0   3.811000E+02   0.000000E+00   0.000000E+00
 107.0   3.704000E+02   0.000000E+00   0.000000E+00
 108.0   3.599000E+02   0.000000E+00   0.000000E+00
 109.0   3.498000E+02   0.000000E+00   0.000000E+00
 110.0   3.400000E+02   0.000000E+00   0.000000E+00
 111.0   3.305000E+02   0.000000E+00   0.000000E+00
 112.0   3.213000E+02   0.000000E+00   0.000000E+00
 113.0   3.124000E+02   0.000000E+00   0.000000E+00
 114.0   3.037000E+02   0.000000E+00   0.000000E+00
 115.0   2.953000E+02   0.000000E+00   0.000000E+00
 116.0   2.872000E+02   0.000000E+00   0.000000E+00
 117.0   2.793000E+02   0.000000E+00   0.000000E+00
 118.0   2.716000E+02   0.000000E+00   0.000000E+00
 119.0   2.642000E+02   0.000000E+00   0.000000E+00
 120.0   2.570000E+02   0.000000E+00   0.000000E+00
 121.0   2.500000E+02   0.000000E+00   0.000000E+00
 122.0   2.432000E+02   0.000000E+00   0.000000E+00
 123.0   2.366000E+02   0.000000E+00   0.000000E+00
 124.0   2.302000E+02   0.000000E+00   0.000000E+00
 125.0   2.240000E+02   0.000000E+00   0.000000E+00
 126.0   2.179000E+02   0.000000E+00   0.000000E+00
 127.0   2.121000E+02   0.000000E+00   0.000000E+00
 128.0   2.064000E+02   0.000000E+00   0.000000E+00
 129.0   2.008000E+02   0.000000E+00   0.000000E+00
 130.0   1.955000E+02   0.000000E+00   0.000000E+00
 131.0   1.903000E+02   0.000000E+00   0.000000E+00
 132.0   1.852000E+02   0.000000E+00   0.000000E+00
 133.0   1.803000E+02   0.000000E+00   0.000000E+00
 134.0   1.755000E+02   0.000000E+00   0.000000E+00
 135.0   1.709000E+02   0.000000E+00   0.000000E+00
 136.0   1.663000E+02   0.000000E+00   0.000000E+00
 137.0   1.623000E+02   0.000000E+00   0.000000E+00
 138.0   1.580000E+02   0.000000E+00   0.000000E+00
 139.0   1.539000E+02   0.000000E+00   0.000000E+00
 140.0   1.499000E+02   0.000000E+00   0.000000E+00
 141.0   1.459000E+02   0.000000E+00   0.000000E+00
 142.0   1.421000E+02   0.000000E+00   0.000000E+00
 143.0   1.384000E+02   0.000000E+00   0.000000E+00
 144.0   1.349000E+02   0.000000E+00   0.000000E+00
 145.0   1.314000E+02   0.000000E+00   0.000000E+00
 146.0   1.280000E+02   0.000000E+00   0.000000E+00
 147.0   1.247000E+02   0.000000E+00   0.000000E+00
 148.0   1.214000E+02   0.000000E+00   0.000000E+00
 149.0   1.183000E+02   0.000000E+00   0.000000E+00
 150.0   1.153000E+02   0.000000E+00   0.000000E+00
 151.0   1.123000E+02   0.000000E+00   0.000000E+00
 152.0   1.095000E+02   0.000000E+00   0.000000E+00
 153.0   1.067000E+02   0.000000E+00   0.000000E+00
 154.0   1.040000E+02   0.000000E+00   0.000000E+00
 155.0   1.014000E+02   0.000000E+00   0.000000E+00
 156.0   9.880000E+01   0.000000E+00   0.000000E+00
 157.0   9.630000E+01   0.000000E+00   0.000000E+00
 158.0   9.390000E+01   0.000000E+00   0.000000E+00
 159.0   9.160000E+01   0.000000E+00   0.000000E+00
 160.0   8.930000E+01   0.000000E+00   0.000000E+00
 161.0   8.710000E+01   0.000000E+00   0.000000E+00
 162.0   8.490000E+01   0.000000E+00   0.000000E+00
 163.0   8.280000E+01   0.000000E+00   0.000000E+00
 164.0   8.080000E+01   0.000000E+00   0.000000E+00
 165.0   7.890000E+01   0.000000E+00   0.000000E+00
 166.0   7.700000E+01   0.000000E+00   0.000000E+00
 167.0   7.510000E+01   0.000000E+00   0.000000E+00
 168.0   7.340000E+01   0.000000E+00   0.000000E+00
 169.0   7.160000E+01   0.000000E+00   0.000000E+00
 170.0   6.990000E+01   0.000000E+00   0.000000E+00
 171.0   6.830000E+01   0.000000E+00   0.000000E+00
 172.0   6.680000E+01   0.000000E+00   0.000000E+00
 173.0   6.530000E+01   0.000000E+00   0.000000E+00
 174.0   6.380000E+01   0.000000E+00   0.000000E+00
 175.0   6.240000E+01   0.000000E+00   0.000000E+00
 176.0   6.100000E+01   0.000000E+00   0.000000E+00
 177.0   5.970000E+01   0.000000E+00   0.000000E+00
 178.0   5.850000E+01   0.000000E+00   0.000000E+00
 179.0   5.730000E+01   0.000000E+00   0.000000E+00
 180.0   5.610000E+01   0.000000E+00   0.000000E+00
 181.0   5.500000E+01   0.000000E+00   0.000000E+00
 182.0   5.390000E+01   0.000000E+00   0.000000E+00
 183.0   5.290000E+01   0.000000E+00   0.000000E+00
 184.0   5.200000E+01   0.000000E+00   0.000000E+00
 185.0   5.100000E+01   0.000000E+00   0.000000E+00
 186.0   5.020000E+01   0.000000E+00   0.000000E+00
 187.0   4.930000E+01   0.000000E+00   0.000000E+00
 188.0   4.850000E+01   0.000000E+00   0.000000E+00
 189.0   4.780000E+01   0.000000E+00   0.000000E+00
 190.0   4.710000E+01   0.000000E+00   0.000000E+00
 191.0   4.640000E+01   0.000000E+00   0.000000E+00
 192.0   4.580000E+01   0.000000E+00   0.000000E+00
 193.0   4.520000E+01   0.000000E+00   0.000000E+00
 194.0   4.470000E+01   0.000000E+00   0.000000E+00
 195.0   4.420000E+01   0.000000E+00   0.000000E+00
 196.0   4.370000E+01   0.000000E+00   0.000000E+00
 197.0   4.330000E+01   0.000000E+00   0.000000E+00
 198.0   4.300000E+01   0.000000E+00   0.000000E+00
 199.0   4.260000E+01   0.000000E+00   0.000000E+00
 200.0   4.230000E+01   0.000000E+00   0.000000E+00
 201.0   4.210000E+01   0.000000E+00   0.000000E+00
 202.0   4.180000E+01   0.000000E+00   0.000000E+00
 203.0   4.170000E+01   0.000000E+00   0.000000E+00
 204.0   4.150000E+01   0.000000E+00   0.000000E+00
 205.0   4.140000E+01   0.000000E+00   0.000000E+00
 206.0   4.140000E+01   0.000000E+00   0.000000E+00
 207.0   4.130000E+01   0.000000E+00   0.000000E+00
 208.0   4.130000E+01   0.000000E+00   0.000000E+00
 209.0   4.140000E+01   0.000000E+00   0.000000E+00
 210.0   4.150000E+01   0.000000E+00   0.000000E+00
 211.0   4.160000E+01   0.000000E+00   0.000000E+00
 212.0   4.170000E+01   0.000000E+00   0.000000E+00
 213.0   4.190000E+01   0.000000E+00   0.000000E+00
 214.0   4.210000E+01   0.000000E+00   0.000000E+00
 215.0   4.230000E+01   0.000000E+00   0.000000E+00
 216.0   4.260000E+01   0.000000E+00   0.000000E+00
 217.0   4.290000E+01   0.000000E+00   0.000000E+00
 218.0   4.330000E+01   0.000000E+00   0.000000E+00
 219.0   4.360000E+01   0.000000E+00   0.000000E+00
 220.0   4.400000E+01   0.000000E+00   0.000000E+00
 221.0   4.450000E+01   0.000000E+00   0.000000E+00
 222.0   4.490000E+01   0.000000E+00   0.000000E+00
 223.0   4.540000E+01   0.000000E+00   0.000000E+00
 224.0   4.590000E+01   0.000000E+00   0.000000E+00
 225.0   4.650000E+01   0.000000E+00   0.000000E+00
 226.0   4.710000E+01   0.000000E+00   0.000000E+00
 227.0   4.770000E+01   0.000000E+00   0.000000E+00
 228.0   4.830000E+01   0.000000E+00   0.000000E+00
 229.0   4.900000E+01   0.000000E+00   0.000000E+00
 230.0   4.960000E+01   0.000000E+00   0.000000E+00
 231.0   5.040000E+01   0.000000E+00   0.000000E+00
 232.0   5.110000E+01   0.000000E+00   0.000000E+00
 233.0   5.190000E+01   0.000000E+00   0.000000E+00
 234.0   5.270000E+01   0.000000E+00   0.000000E+00
 235.0   5.350000E+01   0.000000E+00   0.000000E+00
 236.0   5.440000E+01   0.000000E+00   0.000000E+00
 237.0   5.520000E+01   0.000000E+00   0.000000E+00
 238.0   5.610000E+01   0.000000E+00   0.000000E+00
 239.0   5.710000E+01   0.000000E+00   0.000000E+00
 240.0   5.800000E+01   0.000000E+00   0.000000E+00
 241.0   5.900000E+01   0.000000E+00   0.000000E+00
 242.0   6.000000E+01   0.000000E+00   0.000000E+00
 243.0   6.110000E+01   0.000000E+00   0.000000E+00
 244.0   6.210000E+01   0.000000E+00   0.000000E+00
 245.0   6.320000E+01   0.000000E+00   0.000000E+00
 246.0   6.430000E+01   0.000000E+00   0.000000E+00
 247.0   6.540000E+01   0.000000E+00   0.000000E+00
 248.0   6.660000E+01   0.000000E+00   0.000000E+00
 249.0   6.780000E+01   0.000000E+00   0.000000E+00
 250.0   6.900000E+01   0.000000E+00   0.000000E+00
 251.0   7.020000E+01   0.000000E+00   0.000000E+00
 252.0   7.140000E+01   0.000000E+00   0.000000E+00
 253.0   7.270000E+01   0.000000E+00   0.000000E+00
 254.0   7.400000E+01   0.000000E+00   0.000000E+00
 255.0   7.530000E+01   0.000000E+00   0.000000E+00
 256.0   7.670000E+01   0.000000E+00   0.000000E+00
 257.0   7.810000E+01   0.000000E+00   0.000000E+00
 258.0   7.940000E+01   0.000000E+00   0.000000E+00
 259.0   8.080000E+01   0.000000E+00   0.000000E+00
 260.0   8.230000E+01   0.000000E+00   0.000000E+00
 261.0   8.380000E+01   0.000000E+00   0.000000E+00
 262.0   8.520000E+01   0.000000E+00   0.000000E+00
 263.0   8.660000E+01   0.000000E+00   0.000000E+00
 264.0   8.830000E+01   0.000000E+00   0.000000E+00
 265.0   8.980000E+01   0.000000E+00   0.000000E+00
 266.0   9.130000E+01   0.000000E+00   0.000000E+00
 267.0   9.290000E+01   0.000000E+00   0.000000E+00
 268.0   9.450000E+01   0.000000E+00   0.000000E+00
 269.0   9.610000E+01   0.000000E+00   0.000000E+00
 270.0   9.770000E+01   0.000000E+00   0.000000E+00
 271.0   9.940000E+01   0.000000E+00   0.000000E+00
 272.0   1.010000E+02   0.000000E+00   0.000000E+00
 273.0   1.027000E+02   0.000000E+00   0.000000E+00
 274.0   1.044000E+02   0.000000E+00   0.000000E+00
 275.0   1.061000E+02   0.000000E+00   0.000000E+00
 276.0   1.078000E+02   0.000000E+00   0.000000E+00
 277.0   1.095000E+02   0.000000E+00   0.000000E+00
 278.0   1.113000E+02   0.000000E+00   0.000000E+00
 279.0   1.131000E+02   0.000000E+00   0.000000E+00
 280.0   1.148000E+02   0.000000E+00   0.000000E+00
 281.0   1.166000E+02   0.000000E+00   0.000000E+00
 282.0   1.184000E+02   0.000000E+00   0.000000E+00
 283.0   1.202000E+02   0.000000E+00   0.000000E+00
 284.0   1.220000E+02   0.000000E+00   0.000000E+00
 285.0   1.238000E+02   0.000000E+00   0.000000E+00
 286.0   1.257000E+02   0.000000E+00   0.000000E+00
 287.0   1.275000E+02   0.000000E+00   0.000000E+00
 288.0   1.292000E+02   0.000000E+00   0.000000E+00
 289.0   1.311000E+02   0.000000E+00   0.000000E+00
 290.0   1.329000E+02   0.000000E+00   0.000000E+00
 291.0   1.347000E+02   0.000000E+00   0.000000E+00
 292.0   1.366000E+02   0.000000E+00   0.000000E+00
 293.0   1.384000E+02   0.000000E+00   0.000000E+00
 294.0   1.402000E+02   0.000000E+00   0.000000E+00
 295.0   1.420000E+02   0.000000E+00   0.000000E+00
 296.0   1.438000E+02   0.000000E+00   0.000000E+00
 297.0   1.456000E+02   0.000000E+00   0.000000E+00
 298.0   1.474000E+02   0.000000E+00   0.000000E+00
 299.0   1.492000E+02   0.000000E+00   0.000000E+00
 300.0   1.509000E+02   0.000000E+00   0.000000E+00
 301.0   1.527000E+02   0.000000E+00   0.000000E+00
 302.0   1.544000E+02   0.000000E+00   0.000000E+00
 303.0   1.561000E+02   0.000000E+00   0.000000E+00
 304.0   1.578000E+02   0.000000E+00   0.000000E+00
 305.0   1.596000E+02   0.000000E+00   0.000000E+00
 306.0   1.612000E+02   0.000000E+00   0.000000E+00
 307.0   1.628000E+02   0.000000E+00   0.000000E+00
 308.0   1.644000E+02   0.000000E+00   0.000000E+00
 309.0   1.660000E+02   0.000000E+00   0.000000E+00
 310.0   1.676000E+02   0.000000E+00   0.000000E+00
 311.0   1.691000E+02   0.000000E+00   0.000000E+00
 312.0   1.706000E+02   0.000000E+00   0.000000E+00
 313.0   1.721000E+02   0.000000E+00   0.000000E+00
 314.0   1.735000E+02   0.000000E+00   0.000000E+00
 315.0   1.749000E+02   0.000000E+00   0.000000E+00
 316.0   1.763000E+02   0.000000E+00   0.000000E+00
 317.0   1.776000E+02   0.000000E+00   0.000000E+00
 318.0   1.789000E+02   0.000000E+00   0.000000E+00
 319.0   1.802000E+02   0.000000E+00   0.000000E+00
 320.0   1.814000E+02   0.000000E+00   0.000000E+00
 321.0   1.825000E+02   0.000000E+00   0.000000E+00
 322.0   1.837000E+02   0.000000E+00   0.000000E+00
 323.0   1.848000E+02   0.000000E+00   0.000000E+00
 324.0   1.858000E+02   0.000000E+00   0.000000E+00
 325.0   1.868000E+02   0.000000E+00   0.000000E+00
 326.0   1.878000E+02   0.000000E+00   0.000000E+00
 327.0   1.887000E+02   0.000000E+00   0.000000E+00
 328.0   1.896000E+02   0.000000E+00   0.000000E+00
 329.0   1.905000E+02   0.000000E+00   0.000000E+00
 330.0   1.912000E+02   0.000000E+00   0.000000E+00
 331.0   1.919000E+02   0.000000E+00   0.000000E+00
 332.0   1.926000E+02   0.000000E+00   0.000000E+00
 333.0   1.932000E+02   0.000000E+00   0.000000E+00
 334.0   1.938000E+02   0.000000E+00   0.000000E+00
 335.0   1.943000E+02   0.000000E+00   0.000000E+00
 336.0   1.948000E+02   0.000000E+00   0.000000E+00
 337.0   1.952000E+02   0.000000E+00   0.000000E+00
 338.0   1.956000E+02   0.000000E+00   0.000000E+00
 339.0   1.959000E+02   0.000000E+00   0.000000E+00
 340.0   1.962000E+02   0.000000E+00   0.000000E+00
 341.0   1.964000E+02   0.000000E+00   0.000000E+00
 342.0   1.965000E+02   0.000000E+00   0.000000E+00
 343.0   1.966000E+02   0.000000E+00   0.000000E+00
 344.0   1.967000E+02   0.000000E+00   0.000000E+00
 345.0   1.967000E+02   0.000000E+00   0.000000E+00
 346.0   1.967000E+02   0.000000E+00   0.000000E+00
 347.0   1.966000E+02   0.000000E+00   0.000000E+00
 348.0   1.964000E+02   0.000000E+00   0.000000E+00
 349.0   1.963000E+02   0.000000E+00   0.000000E+00
 350.0   1.961000E+02   0.000000E+00   0.000000E+00
 351.0   1.958000E+02   0.000000E+00   0.000000E+00
 352.0   1.955000E+02   0.000000E+00   0.000000E+00
 353.0   1.951000E+02   0.000000E+00   0.000000E+00
 354.0   1.947000E+02   0.000000E+00   0.000000E+00
 355.0   1.942000E+02   0.000000E+00   0.000000E+00
 356.0   1.937000E+02   0.000000E+00   0.000000E+00
 357.0   1.932000E+02   0.000000E+00   0.000000E+00
 358.0   1.926000E+02   0.000000E+00   0.000000E+00
 359.0   1.920000E+02   0.000000E+00   0.000000E+00
 360.0   1.913000E+02   0.000000E+00   0.000000E+00
 361.0   1.906000E+02   0.000000E+00   0.000000E+00
 362.0   1.899000E+02   0.000000E+00   0.000000E+00
 363.0   1.891000E+02   0.000000E+00   0.000000E+00
 364.0   1.883000E+02   0.000000E+00   0.000000E+00
 365.0   1.875000E+02   0.000000E+00   0.000000E+00
 366.0   1.866000E+02   0.000000E+00   0.000000E+00
 367.0   1.856000E+02   0.000000E+00   0.000000E+00
 368.0   1.847000E+02   0.000000E+00   0.000000E+00
 369.0   1.838000E+02   0.000000E+00   0.000000E+00
 370.0   1.828000E+02   0.000000E+00   0.000000E+00
 371.0   1.817000E+02   0.000000E+00   0.000000E+00
 372.0   1.807000E+02   0.000000E+00   0.000000E+00
 373.0   1.796000E+02   0.000000E+00   0.000000E+00
 374.0   1.785000E+02   0.000000E+00   0.000000E+00
 375.0   1.774000E+02   0.000000E+00   0.000000E+00
 376.0   1.763000E+02   0.000000E+00   0.000000E+00
 377.0   1.751000E+02   0.000000E+00   0.000000E+00
 378.0   1.739000E+02   0.000000E+00   0.000000E+00
 379.0   1.727000E+02   0.000000E+00   0.000000E+00
 380.0   1.715000E+02   0.000000E+00   0.000000E+00
 381.0   1.703000E+02   0.000000E+00   0.000000E+00
 382.0   1.691000E+02   0.000000E+00   0.000000E+00
 383.0   1.678000E+02   0.000000E+00   0.000000E+00
 384.0   1.665000E+02   0.000000E+00   0.000000E+00
 385.0   1.653000E+02   0.000000E+00   0.000000E+00
 386.0   1.640000E+02   0.000000E+00   0.000000E+00
 387.0   1.627000E+02   0.000000E+00   0.000000E+00
 388.0   1.614000E+02   0.000000E+00   0.000000E+00
 389.0   1.601000E+02   0.000000E+00   0.000000E+00
 390.0   1.587000E+02   0.000000E+00   0.000000E+00
 391.0   1.574000E+02   0.000000E+00   0.000000E+00
 392.0   1.562000E+02   0.000000E+00   0.000000E+00
 393.0   1.548000E+02   0.000000E+00   0.000000E+00
 394.0   1.535000E+02   0.000000E+00   0.000000E+00
 395.0   1.522000E+02   0.000000E+00   0.000000E+00
 396.0   1.507000E+02   0.000000E+00   0.000000E+00
 397.0   1.495000E+02   0.000000E+00   0.000000E+00
 398.0   1.481000E+02   0.000000E+00   0.000000E+00
 399.0   1.468000E+02   0.000000E+00   0.000000E+00
 400.0   1.455000E+02   0.000000E+00   0.000000E+00
 401.0   1.441000E+02   0.000000E+00   0.000000E+00
 402.0   1.428000E+02   0.000000E+00   0.000000E+00
 403.0   1.416000E+02   0.000000E+00   0.000000E+00
 404.0   1.401000E+02   0.000000E+00   0.000000E+00
 405.0   1.389000E+02   0.000000E+00   0.000000E+00
 406.0   1.376000E+02   0.000000E+00   0.000000E+00
 407.0   1.362000E+02   0.000000E+00   0.000000E+00
 408.0   1.350000E+02   0.000000E+00   0.000000E+00
 409.0   1.322000E+02   0.000000E+00   0.000000E+00
 410.0   1.310000E+02   0.000000E+00   0.000000E+00
 411.0   1.297000E+02   0.000000E+00   0.000000E+00
 412.0   1.284000E+02   0.000000E+00   0.000000E+00
 413.0   1.272000E+02   0.000000E+00   0.000000E+00
 414.0   1.260000E+02   0.000000E+00   0.000000E+00
 415.0   1.247000E+02   0.000000E+00   0.000000E+00
 416.0   1.236000E+02   0.000000E+00   0.000000E+00
 417.0   1.223000E+02   0.000000E+00   0.000000E+00
 418.0   1.211000E+02   0.000000E+00   0.000000E+00
 419.0   1.199000E+02   0.000000E+00   0.000000E+00
 420.0   1.188000E+02   0.000000E+00   0.000000E+00
 421.0   1.176000E+02   0.000000E+00   0.000000E+00
 422.0   1.165000E+02   0.000000E+00   0.000000E+00
 423.0   1.153000E+02   0.000000E+00   0.000000E+00
 424.0   1.142000E+02   0.000000E+00   0.000000E+00
 425.0   1.131000E+02   0.000000E+00   0.000000E+00
 426.0   1.120000E+02   0.000000E+00   0.000000E+00
 427.0   1.109000E+02   0.000000E+00   0.000000E+00
 428.0   1.098000E+02   0.000000E+00   0.000000E+00
 429.0   1.088000E+02   0.000000E+00   0.000000E+00
 430.0   1.077000E+02   0.000000E+00   0.000000E+00
 431.0   1.066000E+02   0.000000E+00   0.000000E+00
 432.0   1.056000E+02   0.000000E+00   0.000000E+00
 433.0   1.046000E+02   0.000000E+00   0.000000E+00
 434.0   1.036000E+02   0.000000E+00   0.000000E+00
 435.0   1.026000E+02   0.000000E+00   0.000000E+00
 436.0   1.016000E+02   0.000000E+00   0.000000E+00
 437.0   1.007000E+02   0.000000E+00   0.000000E+00
 438.0   9.970000E+01   0.000000E+00   0.000000E+00
 439.0   9.880000E+01   0.000000E+00   0.000000E+00
 440.0   9.780000E+01   0.000000E+00   0.000000E+00
 441.0   9.690000E+01   0.000000E+00   0.000000E+00
 442.0   9.600000E+01   0.000000E+00   0.000000E+00
 443.0   9.510000E+01   0.000000E+00   0.000000E+00
 444.0   9.420000E+01   0.000000E+00   0.000000E+00
 445.0   9.340000E+01   0.000000E+00   0.000000E+00
 446.0   9.250000E+01   0.000000E+00   0.000000E+00
 447.0   9.170000E+01   0.000000E+00   0.000000E+00
 448.0   9.090000E+01   0.000000E+00   0.000000E+00
 449.0   9.000000E+01   0.000000E+00   0.000000E+00
 450.0   8.930000E+01   0.000000E+00   0.000000E+00
 451.0   8.850000E+01   0.000000E+00   0.000000E+00
 452.0   8.770000E+01   0.000000E+00   0.000000E+00
 453.0   8.690000E+01   0.000000E+00   0.000000E+00
 454.0   8.610000E+01   0.000000E+00   0.000000E+00
 455.0   8.540000E+01   0.000000E+00   0.000000E+00
 456.0   8.470000E+01   0.000000E+00   0.000000E+00
 457.0   8.390000E+01   0.000000E+00   0.000000E+00
 458.0   8.320000E+01   0.000000E+00   0.000000E+00
 459.0   8.250000E+01   0.000000E+00   0.000000E+00
 460.0   8.180000E+01   0.000000E+00   0.000000E+00
 461.0   8.110000E+01   0.000000E+00   0.000000E+00
 462.0   8.040000E+01   0.000000E+00   0.000000E+00
 463.0   7.980000E+01   0.000000E+00   0.000000E+00
 464.0   7.910000E+01   0.000000E+00   0.000000E+00
 465.0   7.850000E+01   0.000000E+00   0.000000E+00
 466.0   7.780000E+01   0.000000E+00   0.000000E+00
 467.0   7.720000E+01   0.000000E+00   0.000000E+00
 468.0   7.660000E+01   0.000000E+00   0.000000E+00
 469.0   7.600000E+01   0.000000E+00   0.000000E+00
 470.0   7.540000E+01   0.000000E+00   0.000000E+00
 471.0   7.480000E+01   0.000000E+00   0.000000E+00
 472.0   7.420000E+01   0.000000E+00   0.000000E+00
 473.0   7.370000E+01   0.000000E+00   0.000000E+00
 474.0   7.310000E+01   0.000000E+00   0.000000E+00
 475.0   7.260000E+01   0.000000E+00   0.000000E+00
 476.0   7.200000E+01   0.000000E+00   0.000000E+00
 477.0   7.150000E+01   0.000000E+00   0.000000E+00
 478.0   7.100000E+01   0.000000E+00   0.000000E+00
 479.0   7.040000E+01   0.000000E+00   0.000000E+00
 480.0   6.990000E+01   0.000000E+00   0.000000E+00
 481.0   6.940000E+01   0.000000E+00   0.000000E+00
 482.0   6.890000E+01   0.000000E+00   0.000000E+00
 483.0   6.850000E+01   0.000000E+00   0.000000E+00
 484.0   6.800000E+01   0.000000E+00   0.000000E+00
 485.0   6.750000E+01   0.000000E+00   0.000000E+00
 486.0   6.710000E+01   0.000000E+00   0.000000E+00
 487.0   6.660000E+01   0.000000E+00   0.000000E+00
 488.0   6.620000E+01   0.000000E+00   0.000000E+00
 489.0   6.570000E+01   0.000000E+00   0.000000E+00
 490.0   6.530000E+01   0.000000E+00   0.000000E+00
 491.0   6.480000E+01   0.000000E+00   0.000000E+00
 492.0   6.440000E+01   0.000000E+00   0.000000E+00
 493.0   6.400000E+01   0.000000E+00   0.000000E+00
 494.0   6.360000E+01   0.000000E+00   0.000000E+00
 495.0   6.320000E+01   0.000000E+00   0.000000E+00
 496.0   6.280000E+01   0.000000E+00   0.000000E+00
 497.0   6.240000E+01   0.000000E+00   0.000000E+00
 498.0   6.210000E+01   0.000000E+00   0.000000E+00
 499.0   6.170000E+01   0.000000E+00   0.000000E+00
 500.0   6.130000E+01   0.000000E+00   0.000000E+00
 501.0   6.090000E+01   0.000000E+00   0.000000E+00
 502.0   6.060000E+01   0.000000E+00   0.000000E+00
 503.0   6.020000E+01   0.000000E+00   0.000000E+00
 504.0   5.990000E+01   0.000000E+00   0.000000E+00
 505.0   5.960000E+01   0.000000E+00   0.000000E+00
 506.0   5.920000E+01   0.000000E+00   0.000000E+00
 507.0   5.890000E+01   0.000000E+00   0.000000E+00
 508.0   5.860000E+01   0.000000E+00   0.000000E+00
 509.0   5.830000E+01   0.000000E+00   0.000000E+00
 510.0   5.790000E+01   0.000000E+00   0.000000E+00
 511.0   5.760000E+01   0.000000E+00   0.000000E+00
 512.0   5.730000E+01   0.000000E+00   0.000000E+00
 513.0   5.700000E+01   0.000000E+00   0.000000E+00
 514.0   5.670000E+01   0.000000E+00   0.000000E+00
 515.0   5.650000E+01   0.000000E+00   0.000000E+00
 516.0   5.620000E+01   0.000000E+00   0.000000E+00
 517.0   5.590000E+01   0.000000E+00   0.000000E+00
 518.0   5.560000E+01   0.000000E+00   0.000000E+00
 519.0   5.530000E+01   0.000000E+00   0.000000E+00
 520.0   5.510000E+01   0.000000E+00   0.000000E+00
 521.0   5.480000E+01   0.000000E+00   0.000000E+00
 522.0   5.460000E+01   0.000000E+00   0.000000E+00
 523.0   5.430000E+01   0.000000E+00   0.000000E+00
 524.0   5.410000E+01   0.000000E+00   0.000000E+00
 525.0   5.380000E+01   0.000000E+00   0.000000E+00
 526.0   5.360000E+01   0.000000E+00   0.000000E+00
 527.0   5.340000E+01   0.000000E+00   0.000000E+00
 528.0   5.310000E+01   0.000000E+00   0.000000E+00
 529.0   5.290000E+01   0.000000E+00   0.000000E+00
 530.0   5.270000E+01   0.000000E+00   0.000000E+00
 531.0   5.250000E+01   0.000000E+00   0.000000E+00
 532.0   5.220000E+01   0.000000E+00   0.000000E+00
 533.0   5.200000E+01   0.000000E+00   0.000000E+00
 534.0   5.180000E+01   0.000000E+00   0.000000E+00
 535.0   5.160000E+01   0.000000E+00   0.000000E+00
 536.0   5.140000E+01   0.000000E+00   0.000000E+00
 537.0   5.120000E+01   0.000000E+00   0.000000E+00
 538.0   5.100000E+01   0.000000E+00   0.000000E+00
 539.0   5.080000E+01   0.000000E+00   0.000000E+00
 540.0   5.060000E+01   0.000000E+00   0.000000E+00
 541.0   5.050000E+01   0.000000E+00   0.000000E+00
 542.0   5.030000E+01   0.000000E+00   0.000000E+00
 543.0   5.010000E+01   0.000000E+00   0.000000E+00
 544.0   4.990000E+01   0.000000E+00   0.000000E+00
 545.0   4.980000E+01   0.000000E+00   0.000000E+00
 546.0   4.960000E+01   0.000000E+00   0.000000E+00
 547.0   4.940000E+01   0.000000E+00   0.000000E+00
 548.0   4.930000E+01   0.000000E+00   0.000000E+00
 549.0   4.910000E+01   0.000000E+00   0.000000E+00
 550.0   4.900000E+01   0.000000E+00   0.000000E+00
 551.0   4.880000E+01   0.000000E+00   0.000000E+00
 552.0   4.870000E+01   0.000000E+00   0.000000E+00
 553.0   4.850000E+01   0.000000E+00   0.000000E+00
 554.0   4.840000E+01   0.000000E+00   0.000000E+00
 555.0   4.820000E+01   0.000000E+00   0.000000E+00
 556.0   4.810000E+01   0.000000E+00   0.000000E+00
 557.0   4.790000E+01   0.000000E+00   0.000000E+00
 558.0   4.780000E+01   0.000000E+00   0.000000E+00
 559.0   4.770000E+01   0.000000E+00   0.000000E+00
 560.0   4.760000E+01   0.000000E+00   0.000000E+00
 561.0   4.740000E+01   0.000000E+00   0.000000E+00
 562.0   4.730000E+01   0.000000E+00   0.000000E+00
 563.0   4.720000E+01   0.000000E+00   0.000000E+00
 564.0   4.710000E+01   0.000000E+00   0.000000E+00
 565.0   4.700000E+01   0.000000E+00   0.000000E+00
 566.0   4.690000E+01   0.000000E+00   0.000000E+00
 567.0   4.670000E+01   0.000000E+00   0.000000E+00
 568.0   4.660000E+01   0.000000E+00   0.000000E+00
 569.0   4.650000E+01   0.000000E+00   0.000000E+00
 570.0   4.640000E+01   0.000000E+00   0.000000E+00
 571.0   4.630000E+01   0.000000E+00   0.000000E+00
 572.0   4.620000E+01   0.000000E+00   0.000000E+00
 573.0   4.620000E+01   0.000000E+00   0.000000E+00
 574.0   4.610000E+01   0.000000E+00   0.000000E+00
 575.0   4.600000E+01   0.000000E+00   0.000000E+00
 576.0   4.590000E+01   0.000000E+00   0.000000E+00
 577.0   4.580000E+01   0.000000E+00   0.000000E+00
 578.0   4.570000E+01   0.000000E+00   0.000000E+00
 579.0   4.560000E+01   0.000000E+00   0.000000E+00
 580.0   4.560000E+01   0.000000E+00   0.000000E+00
 581.0   4.550000E+01   0.000000E+00   0.000000E+00
 582.0   4.540000E+01   0.000000E+00   0.000000E+00
 583.0   4.530000E+01   0.000000E+00   0.000000E+00
 584.0   4.530000E+01   0.000000E+00   0.000000E+00
 585.0   4.520000E+01   0.000000E+00   0.000000E+00
 586.0   4.510000E+01   0.000000E+00   0.000000E+00
 587.0   4.510000E+01   0.000000E+00   0.000000E+00
 588.0   4.500000E+01   0.000000E+00   0.000000E+00
 589.0   4.500000E+01   0.000000E+00   0.000000E+00
 590.0   4.490000E+01   0.000000E+00   0.000000E+00
 591.0   4.490000E+01   0.000000E+00   0.000000E+00
 592.0   4.480000E+01   0.000000E+00   0.000000E+00
 593.0   4.480000E+01   0.000000E+00   0.000000E+00
 594.0   4.470000E+01   0.000000E+00   0.000000E+00
 595.0   4.470000E+01   0.000000E+00   0.000000E+00
 596.0   4.460000E+01   0.000000E+00   0.000000E+00
 597.0   4.460000E+01   0.000000E+00   0.000000E+00
 598.0   4.460000E+01   0.000000E+00   0.000000E+00
 599.0   4.450000E+01   0.000000E+00   0.000000E+00
 600.0   4.450000E+01   0.000000E+00   0.000000E+00
 601.0   4.450000E+01   0.000000E+00   0.000000E+00
 602.0   4.440000E+01   0.000000E+00   0.000000E+00
 603.0   4.440000E+01   0.000000E+00   0.000000E+00
 604.0   4.440000E+01   0.000000E+00   0.000000E+00
 605.0   4.440000E+01   0.000000E+00   0.000000E+00
 606.0   4.440000E+01   0.000000E+00   0.000000E+00
 607.0   4.430000E+01   0.000000E+00   0.000000E+00
 608.0   4.430000E+01   0.000000E+00   0.000000E+00
 609.0   4.430000E+01   0.000000E+00   0.000000E+00
 610.0   4.430000E+01   0.000000E+00   0.000000E+00
 611.0   4.430000E+01   0.000000E+00   0.000000E+00
 612.0   4.430000E+01   0.000000E+00   0.000000E+00
 613.0   4.430000E+01   0.000000E+00   0.000000E+00
 614.0   4.430000E+01   0.000000E+00   0.000000E+00
 615.0   4.430000E+01   0.000000E+00   0.000000E+00
 616.0   4.430000E+01   0.000000E+00   0.000000E+00
 617.0   4.430000E+01   0.000000E+00   0.000000E+00
 618.0   4.430000E+01   0.000000E+00   0.000000E+00
 619.0   4.430000E+01   0.000000E+00   0.000000E+00
 620.0   4.430000E+01   0.000000E+00   0.000000E+00
 621.0   4.430000E+01   0.000000E+00   0.000000E+00
 622.0   4.430000E+01   0.000000E+00   0.000000E+00
 623.0   4.440000E+01   0.000000E+00   0.000000E+00
 624.0   4.440000E+01   0.000000E+00   0.000000E+00
 625.0   4.440000E+01   0.000000E+00   0.000000E+00
 626.0   4.440000E+01   0.000000E+00   0.000000E+00
 627.0   4.440000E+01   0.000000E+00   0.000000E+00
 628.0   4.450000E+01   0.000000E+00   0.000000E+00
 629.0   4.450000E+01   0.000000E+00   0.000000E+00
 630.0   4.450000E+01   0.000000E+00   0.000000E+00
 631.0   4.460000E+01   0.000000E+00   0.000000E+00
 632.0   4.460000E+01   0.000000E+00   0.000000E+00
 633.0   4.460000E+01   0.000000E+00   0.000000E+00
 634.0   4.470000E+01   0.000000E+00   0.000000E+00
 635.0   4.470000E+01   0.000000E+00   0.000000E+00
 636.0   4.470000E+01   0.000000E+00   0.000000E+00
 637.0   4.480000E+01   0.000000E+00   0.000000E+00
 638.0   4.480000E+01   0.000000E+00   0.000000E+00
 639.0   4.490000E+01   0.000000E+00   0.000000E+00
 640.0   4.490000E+01   0.000000E+00   0.000000E+00
 641.0   4.500000E+01   0.000000E+00   0.000000E+00
 642.0   4.500000E+01   0.000000E+00   0.000000E+00
 643.0   4.510000E+01   0.000000E+00   0.000000E+00
 644.0   4.510000E+01   0.000000E+00   0.000000E+00
 645.0   4.520000E+01   0.000000E+00   0.000000E+00
 646.0   4.520000E+01   0.000000E+00   0.000000E+00
 647.0   4.530000E+01   0.000000E+00   0.000000E+00
 648.0   4.530000E+01   0.000000E+00   0.000000E+00
 649.0   4.540000E+01   0.000000E+00   0.000000E+00
 650.0   4.550000E+01   0.000000E+00   0.000000E+00
 651.0   4.550000E+01   0.000000E+00   0.000000E+00
 652.0   4.560000E+01   0.000000E+00   0.000000E+00
 653.0   4.560000E+01   0.000000E+00   0.000000E+00
 654.0   4.570000E+01   0.000000E+00   0.000000E+00
 655.0   4.580000E+01   0.000000E+00   0.000000E+00
 656.0   4.590000E+01   0.000000E+00   0.000000E+00
 657.0   4.590000E+01   0.000000E+00   0.000000E+00
 658.0   4.600000E+01   0.000000E+00   0.000000E+00
 659.0   4.610000E+01   0.000000E+00   0.000000E+00
 660.0   4.610000E+01   0.000000E+00   0.000000E+00
 661.0   4.620000E+01   0.000000E+00   0.000000E+00
 662.0   4.630000E+01   0.000000E+00   0.000000E+00
 663.0   4.630000E+01   0.000000E+00   0.000000E+00
 664.0   4.640000E+01   0.000000E+00   0.000000E+00
 665.0   4.650000E+01   0.000000E+00   0.000000E+00
 666.0   4.660000E+01   0.000000E+00   0.000000E+00
 667.0   4.660000E+01   0.000000E+00   0.000000E+00
 668.0   4.670000E+01   0.000000E+00   0.000000E+00
 669.0   4.680000E+01   0.000000E+00   0.000000E+00
 670.0   4.680000E+01   0.000000E+00   0.000000E+00
 671.0   4.690000E+01   0.000000E+00   0.000000E+00
 672.0   4.700000E+01   0.000000E+00   0.000000E+00
 673.0   4.710000E+01   0.000000E+00   0.000000E+00
 674.0   4.710000E+01   0.000000E+00   0.000000E+00
 675.0   4.720000E+01   0.000000E+00   0.000000E+00
 676.0   4.730000E+01   0.000000E+00   0.000000E+00
 677.0   4.730000E+01   0.000000E+00   0.000000E+00
 678.0   4.740000E+01   0.000000E+00   0.000000E+00
 679.0   4.750000E+01   0.000000E+00   0.000000E+00
 680.0   4.760000E+01   0.000000E+00   0.000000E+00
 681.0   4.760000E+01   0.000000E+00   0.000000E+00
 682.0   4.770000E+01   0.000000E+00   0.000000E+00
 683.0   4.780000E+01   0.000000E+00   0.000000E+00
 684.0   4.780000E+01   0.000000E+00   0.000000E+00
 685.0   4.790000E+01   0.000000E+00   0.000000E+00
 686.0   4.790000E+01   0.000000E+00   0.000000E+00
 687.0   4.800000E+01   0.000000E+00   0.000000E+00
 688.0   4.810000E+01   0.000000E+00   0.000000E+00
 689.0   4.810000E+01   0.000000E+00   0.000000E+00
 690.0   4.820000E+01   0.000000E+00   0.000000E+00
 691.0   4.820000E+01   0.000000E+00   0.000000E+00
 692.0   4.830000E+01   0.000000E+00   0.000000E+00
 693.0   4.840000E+01   0.000000E+00   0.000000E+00
 694.0   4.840000E+01   0.000000E+00   0.000000E+00
 695.0   4.850000E+01   0.000000E+00   0.000000E+00
 696.0   4.850000E+01   0.000000E+00   0.000000E+00
 697.0   4.850000E+01   0.000000E+00   0.000000E+00
 698.0   4.860000E+01   0.000000E+00   0.000000E+00
 699.0   4.860000E+01   0.000000E+00   0.000000E+00
 700.0   4.870000E+01   0.000000E+00   0.000000E+00
 701.0   4.870000E+01   0.000000E+00   0.000000E+00
 702.0   4.870000E+01   0.000000E+00   0.000000E+00
 703.0   4.880000E+01   0.000000E+00   0.000000E+00
 704.0   4.880000E+01   0.000000E+00   0.000000E+00
 705.0   4.880000E+01   0.000000E+00   0.000000E+00
 706.0   4.890000E+01   0.000000E+00   0.000000E+00
 707.0   4.890000E+01   0.000000E+00   0.000000E+00
 708.0   4.890000E+01   0.000000E+00   0.000000E+00
 709.0   4.890000E+01   0.000000E+00   0.000000E+00
 710.0   4.890000E+01   0.000000E+00   0.000000E+00
 711.0   4.900000E+01   0.000000E+00   0.000000E+00
 712.0   4.900000E+01   0.000000E+00   0.000000E+00
 713.0   4.900000E+01   0.000000E+00   0.000000E+00
 714.0   4.900000E+01   0.000000E+00   0.000000E+00
 715.0   4.900000E+01   0.000000E+00   0.000000E+00
 716.0   4.900000E+01   0.000000E+00   0.000000E+00
 717.0   4.900000E+01   0.000000E+00   0.000000E+00
 718.0   4.900000E+01   0.000000E+00   0.000000E+00
 719.0   4.900000E+01   0.000000E+00   0.000000E+00
 720.0   4.900000E+01   0.000000E+00   0.000000E+00
 721.0   4.890000E+01   0.000000E+00   0.000000E+00
 722.0   4.890000E+01   0.000000E+00   0.000000E+00
 723.0   4.890000E+01   0.000000E+00   0.000000E+00
 724.0   4.890000E+01   0.000000E+00   0.000000E+00
 725.0   4.890000E+01   0.000000E+00   0.000000E+00
 726.0   4.880000E+01   0.000000E+00   0.000000E+00
 727.0   4.880000E+01   0.000000E+00   0.000000E+00
 728.0   4.880000E+01   0.000000E+00   0.000000E+00
 729.0   4.870000E+01   0.000000E+00   0.000000E+00
 730.0   4.870000E+01   0.000000E+00   0.000000E+00
 731.0   4.870000E+01   0.000000E+00   0.000000E+00
 732.0   4.860000E+01   0.000000E+00   0.000000E+00
 733.0   4.860000E+01   0.000000E+00   0.000000E+00
 734.0   4.850000E+01   0.000000E+00   0.000000E+00
 735.0   4.850000E+01   0.000000E+00   0.000000E+00
 736.0   4.840000E+01   0.000000E+00   0.000000E+00
 737.0   4.840000E+01   0.000000E+00   0.000000E+00
 738.0   4.830000E+01   0.000000E+00   0.000000E+00
 739.0   4.830000E+01   0.000000E+00   0.000000E+00
 740.0   4.820000E+01   0.000000E+00   0.000000E+00
 741.0   4.810000E+01   0.000000E+00   0.000000E+00
 742.0   4.810000E+01   0.000000E+00   0.000000E+00
 743.0   4.800000E+01   0.000000E+00   0.000000E+00
 744.0   4.790000E+01   0.000000E+00   0.000000E+00
 745.0   4.780000E+01   0.000000E+00   0.000000E+00
 746.0   4.780000E+01   0.000000E+00   0.000000E+00
 747.0   4.770000E+01   0.000000E+00   0.000000E+00
 748.0   4.760000E+01   0.000000E+00   0.000000E+00
 749.0   4.750000E+01   0.000000E+00   0.000000E+00
 750.0   4.740000E+01   0.000000E+00   0.000000E+00
 751.0   4.740000E+01   0.000000E+00   0.000000E+00
 752.0   4.730000E+01   0.000000E+00   0.000000E+00
 753.0   4.720000E+01   0.000000E+00   0.000000E+00
 754.0   4.710000E+01   0.000000E+00   0.000000E+00
 755.0   4.700000E+01   0.000000E+00   0.000000E+00
 756.0   4.690000E+01   0.000000E+00   0.000000E+00
 757.0   4.680000E+01   0.000000E+00   0.000000E+00
 758.0   4.670000E+01   0.000000E+00   0.000000E+00
 759.0   4.660000E+01   0.000000E+00   0.000000E+00
 760.0   4.650000E+01   0.000000E+00   0.000000E+00
 761.0   4.640000E+01   0.000000E+00   0.000000E+00
 762.0   4.630000E+01   0.000000E+00   0.000000E+00
 763.0   4.620000E+01   0.000000E+00   0.000000E+00
 764.0   4.600000E+01   0.000000E+00   0.000000E+00
 765.0   4.590000E+01   0.000000E+00   0.000000E+00
 766.0   4.580000E+01   0.000000E+00   0.000000E+00
 767.0   4.570000E+01   0.000000E+00   0.000000E+00
 768.0   4.560000E+01   0.000000E+00   0.000000E+00
 769.0   4.550000E+01   0.000000E+00   0.000000E+00
 770.0   4.540000E+01   0.000000E+00   0.000000E+00
 771.0   4.520000E+01   0.000000E+00   0.000000E+00
 772.0   4.510000E+01   0.000000E+00   0.000000E+00
 773.0   4.500000E+01   0.000000E+00   0.000000E+00
 774.0   4.490000E+01   0.000000E+00   0.000000E+00
 775.0   4.470000E+01   0.000000E+00   0.000000E+00
 776.0   4.460000E+01   0.000000E+00   0.000000E+00
 777.0   4.450000E+01   0.000000E+00   0.000000E+00
 778.0   4.440000E+01   0.000000E+00   0.000000E+00
 779.0   4.420000E+01   0.000000E+00   0.000000E+00
 780.0   4.410000E+01   0.000000E+00   0.000000E+00
 781.0   4.400000E+01   0.000000E+00   0.000000E+00
 782.0   4.390000E+01   0.000000E+00   0.000000E+00
 783.0   4.370000E+01   0.000000E+00   0.000000E+00
 784.0   4.360000E+01   0.000000E+00   0.000000E+00
 785.0   4.350000E+01   0.000000E+00   0.000000E+00
 786.0   4.330000E+01   0.000000E+00   0.000000E+00
 787.0   4.320000E+01   0.000000E+00   0.000000E+00
 788.0   4.310000E+01   0.000000E+00   0.000000E+00
 789.0   4.290000E+01   0.000000E+00   0.000000E+00
 790.0   4.280000E+01   0.000000E+00   0.000000E+00
 791.0   4.270000E+01   0.000000E+00   0.000000E+00
 792.0   4.250000E+01   0.000000E+00   0.000000E+00
 793.0   4.240000E+01   0.000000E+00   0.000000E+00
 794.0   4.230000E+01   0.000000E+00   0.000000E+00
 795.0   4.210000E+01   0.000000E+00   0.000000E+00
 796.0   4.200000E+01   0.000000E+00   0.000000E+00
 797.0   4.190000E+01   0.000000E+00   0.000000E+00
 798.0   4.170000E+01   0.000000E+00   0.000000E+00
 799.0   4.160000E+01   0.000000E+00   0.000000E+00
 800.0   4.150000E+01   0.000000E+00   0.000000E+00
 801.0   4.130000E+01   0.000000E+00   0.000000E+00
 802.0   4.120000E+01   0.000000E+00   0.000000E+00
 803.0   4.110000E+01   0.000000E+00   0.000000E+00
 804.0   4.090000E+01   0.000000E+00   0.000000E+00
 805.0   4.080000E+01   0.000000E+00   0.000000E+00
 806.0   4.070000E+01   0.000000E+00   0.000000E+00
 807.0   4.050000E+01   0.000000E+00   0.000000E+00
 808.0   4.040000E+01   0.000000E+00   0.000000E+00
 809.0   4.030000E+01   0.000000E+00   0.000000E+00
 810.0   4.010000E+01   0.000000E+00   0.000000E+00
 811.0   4.000000E+01   0.000000E+00   0.000000E+00
 812.0   3.990000E+01   0.000000E+00   0.000000E+00
 813.0   3.970000E+01   0.000000E+00   0.000000E+00
 814.0   3.960000E+01   0.000000E+00   0.000000E+00
 815.0   3.950000E+01   0.000000E+00   0.000000E+00
 816.0   3.930000E+01   0.000000E+00   0.000000E+00
 817.0   3.920000E+01   0.000000E+00   0.000000E+00
 818.0   3.910000E+01   0.000000E+00   0.000000E+00
 819.0   3.890000E+01   0.000000E+00   0.000000E+00
 820.0   3.880000E+01   0.000000E+00   0.000000E+00
 821.0   3.870000E+01   0.000000E+00   0.000000E+00
 822.0   3.850000E+01   0.000000E+00   0.000000E+00
 823.0   3.840000E+01   0.000000E+00   0.000000E+00
 824.0   3.830000E+01   0.000000E+00   0.000000E+00
 825.0   3.820000E+01   0.000000E+00   0.000000E+00
 826.0   3.800000E+01   0.000000E+00   0.000000E+00
 827.0   3.790000E+01   0.000000E+00   0.000000E+00
 828.0   3.780000E+01   0.000000E+00   0.000000E+00
 829.0   3.770000E+01   0.000000E+00   0.000000E+00
 830.0   3.750000E+01   0.000000E+00   0.000000E+00
 831.0   3.740000E+01   0.000000E+00   0.000000E+00
 832.0   3.730000E+01   0.000000E+00   0.000000E+00
 833.0   3.720000E+01   0.000000E+00   0.000000E+00
 834.0   3.710000E+01   0.000000E+00   0.000000E+00
 835.0   3.690000E+01   0.000000E+00   0.000000E+00
 836.0   3.680000E+01   0.000000E+00   0.000000E+00
 837.0   3.670000E+01   0.000000E+00   0.000000E+00
 838.0   3.660000E+01   0.000000E+00   0.000000E+00
 839.0   3.650000E+01   0.000000E+00   0.000000E+00
 840.0   3.630000E+01   0.000000E+00   0.000000E+00
 841.0   3.620000E+01   0.000000E+00   0.000000E+00
 842.0   3.610000E+01   0.000000E+00   0.000000E+00
 843.0   3.600000E+01   0.000000E+00   0.000000E+00
 844.0   3.590000E+01   0.000000E+00   0.000000E+00
 845.0   3.580000E+01   0.000000E+00   0.000000E+00
 846.0   3.560000E+01   0.000000E+00   0.000000E+00
 847.0   3.550000E+01   0.000000E+00   0.000000E+00
 848.0   3.540000E+01   0.000000E+00   0.000000E+00
 849.0   3.530000E+01   0.000000E+00   0.000000E+00
 850.0   3.520000E+01   0.000000E+00   0.000000E+00
 851.0   3.510000E+01   0.000000E+00   0.000000E+00
 852.0   3.500000E+01   0.000000E+00   0.000000E+00
 853.0   3.490000E+01   0.000000E+00   0.000000E+00
 854.0   3.480000E+01   0.000000E+00   0.000000E+00
 855.0   3.470000E+01   0.000000E+00   0.000000E+00
 856.0   3.460000E+01   0.000000E+00   0.000000E+00
 857.0   3.450000E+01   0.000000E+00   0.000000E+00
 858.0   3.440000E+01   0.000000E+00   0.000000E+00
 859.0   3.430000E+01   0.000000E+00   0.000000E+00
 860.0   3.410000E+01   0.000000E+00   0.000000E+00
 861.0   3.400000E+01   0.000000E+00   0.000000E+00
 862.0   3.400000E+01   0.000000E+00   0.000000E+00
 863.0   3.380000E+01   0.000000E+00   0.000000E+00
 864.0   3.380000E+01   0.000000E+00   0.000000E+00
 865.0   3.360000E+01   0.000000E+00   0.000000E+00
 866.0   3.350000E+01   0.000000E+00   0.000000E+00
 867.0   3.350000E+01   0.000000E+00   0.000000E+00
 868.0   3.340000E+01   0.000000E+00   0.000000E+00
 869.0   3.330000E+01   0.000000E+00   0.000000E+00
 870.0   3.320000E+01   0.000000E+00   0.000000E+00
 871.0   3.310000E+01   0.000000E+00   0.000000E+00
 872.0   3.300000E+01   0.000000E+00   0.000000E+00
 873.0   3.290000E+01   0.000000E+00   0.000000E+00
 874.0   3.280000E+01   0.000000E+00   0.000000E+00
 875.0   3.270000E+01   0.000000E+00   0.000000E+00
 876.0   3.260000E+01   0.000000E+00   0.000000E+00
 877.0   3.250000E+01   0.000000E+00   0.000000E+00
 878.0   3.240000E+01   0.000000E+00   0.000000E+00
 879.0   3.240000E+01   0.000000E+00   0.000000E+00
 880.0   3.230000E+01   0.000000E+00   0.000000E+00
 881.0   3.220000E+01   0.000000E+00   0.000000E+00
 882.0   3.210000E+01   0.000000E+00   0.000000E+00
 883.0   3.200000E+01   0.000000E+00   0.000000E+00
 884.0   3.190000E+01   0.000000E+00   0.000000E+00
 885.0   3.190000E+01   0.000000E+00   0.000000E+00
 886.0   3.180000E+01   0.000000E+00   0.000000E+00
 887.0   3.170000E+01   0.000000E+00   0.000000E+00
 888.0   3.160000E+01   0.000000E+00   0.000000E+00
 889.0   3.150000E+01   0.000000E+00   0.000000E+00
 890.0   3.150000E+01   0.000000E+00   0.000000E+00
 891.0   3.140000E+01   0.000000E+00   0.000000E+00
 892.0   3.130000E+01   0.000000E+00   0.000000E+00
 893.0   3.120000E+01   0.000000E+00   0.000000E+00
 894.0   3.110000E+01   0.000000E+00   0.000000E+00
 895.0   3.110000E+01   0.000000E+00   0.000000E+00
 896.0   3.100000E+01   0.000000E+00   0.000000E+00
 897.0   3.090000E+01   0.000000E+00   0.000000E+00
 898.0   3.090000E+01   0.000000E+00   0.000000E+00
 899.0   3.080000E+01   0.000000E+00   0.000000E+00
 900.0   3.070000E+01   0.000000E+00   0.000000E+00
 901.0   3.060000E+01   0.000000E+00   0.000000E+00
 902.0   3.060000E+01   0.000000E+00   0.000000E+00
 903.0   3.050000E+01   0.000000E+00   0.000000E+00
 904.0   3.040000E+01   0.000000E+00   0.000000E+00
 905.0   3.040000E+01   0.000000E+00   0.000000E+00
 906.0   3.030000E+01   0.000000E+00   0.000000E+00
 907.0   3.020000E+01   0.000000E+00   0.000000E+00
 908.0   3.020000E+01   0.000000E+00   0.000000E+00
 909.0   3.010000E+01   0.000000E+00   0.000000E+00
 910.0   3.000000E+01   0.000000E+00   0.000000E+00
 911.0   3.000000E+01   0.000000E+00   0.000000E+00
 912.0   2.990000E+01   0.000000E+00   0.000000E+00
 913.0   2.990000E+01   0.000000E+00   0.000000E+00
 914.0   2.980000E+01   0.000000E+00   0.000000E+00
 915.0   2.970000E+01   0.000000E+00   0.000000E+00
 916.0   2.970000E+01   0.000000E+00   0.000000E+00
 917.0   2.960000E+01   0.000000E+00   0.000000E+00
 918.0   2.960000E+01   0.000000E+00   0.000000E+00
 919.0   2.950000E+01   0.000000E+00   0.000000E+00
 920.0   2.940000E+01   0.000000E+00   0.000000E+00
 921.0   2.940000E+01   0.000000E+00   0.000000E+00
 922.0   2.930000E+01   0.000000E+00   0.000000E+00
 923.0   2.930000E+01   0.000000E+00   0.000000E+00
 924.0   2.920000E+01   0.000000E+00   0.000000E+00
 925.0   2.920000E+01   0.000000E+00   0.000000E+00
 926.0   2.910000E+01   0.000000E+00   0.000000E+00
 927.0   2.910000E+01   0.000000E+00   0.000000E+00
 928.0   2.900000E+01   0.000000E+00   0.000000E+00
 929.0   2.900000E+01   0.000000E+00   0.000000E+00
 930.0   2.890000E+01   0.000000E+00   0.000000E+00
 931.0   2.890000E+01   0.000000E+00   0.000000E+00
 932.0   2.880000E+01   0.000000E+00   0.000000E+00
 933.0   2.880000E+01   0.000000E+00   0.000000E+00
 934.0   2.870000E+01   0.000000E+00   0.000000E+00
 935.0   2.870000E+01   0.000000E+00   0.000000E+00
 936.0   2.860000E+01   0.000000E+00   0.000000E+00
 937.0   2.860000E+01   0.000000E+00   0.000000E+00
 938.0   2.850000E+01   0.000000E+00   0.000000E+00
 939.0   2.850000E+01   0.000000E+00   0.000000E+00
 940.0   2.840000E+01   0.000000E+00   0.000000E+00
 941.0   2.840000E+01   0.000000E+00   0.000000E+00
 942.0   2.830000E+01   0.000000E+00   0.000000E+00
 943.0   2.830000E+01   0.000000E+00   0.000000E+00
 944.0   2.820000E+01   0.000000E+00   0.000000E+00
 945.0   2.820000E+01   0.000000E+00   0.000000E+00
 946.0   2.820000E+01   0.000000E+00   0.000000E+00
 947.0   2.810000E+01   0.000000E+00   0.000000E+00
 948.0   2.810000E+01   0.000000E+00   0.000000E+00
 949.0   2.800000E+01   0.000000E+00   0.000000E+00
 950.0   2.800000E+01   0.000000E+00   0.000000E+00
 951.0   2.790000E+01   0.000000E+00   0.000000E+00
 952.0   2.790000E+01   0.000000E+00   0.000000E+00
 953.0   2.780000E+01   0.000000E+00   0.000000E+00
 954.0   2.780000E+01   0.000000E+00   0.000000E+00
 955.0   2.780000E+01   0.000000E+00   0.000000E+00
 956.0   2.770000E+01   0.000000E+00   0.000000E+00
 957.0   2.770000E+01   0.000000E+00   0.000000E+00
 958.0   2.760000E+01   0.000000E+00   0.000000E+00
 959.0   2.760000E+01   0.000000E+00   0.000000E+00
 960.0   2.760000E+01   0.000000E+00   0.000000E+00
 961.0   2.750000E+01   0.000000E+00   0.000000E+00
 962.0   2.750000E+01   0.000000E+00   0.000000E+00
 963.0   2.740000E+01   0.000000E+00   0.000000E+00
 964.0   2.740000E+01   0.000000E+00   0.000000E+00
 965.0   2.740000E+01   0.000000E+00   0.000000E+00
 966.0   2.730000E+01   0.000000E+00   0.000000E+00
 967.0   2.730000E+01   0.000000E+00   0.000000E+00
 968.0   2.720000E+01   0.000000E+00   0.000000E+00
 969.0   2.720000E+01   0.000000E+00   0.000000E+00
 970.0   2.720000E+01   0.000000E+00   0.000000E+00
 971.0   2.710000E+01   0.000000E+00   0.000000E+00
 972.0   2.710000E+01   0.000000E+00   0.000000E+00
 973.0   2.710000E+01   0.000000E+00   0.000000E+00
 974.0   2.700000E+01   0.000000E+00   0.000000E+00
 975.0   2.700000E+01   0.000000E+00   0.000000E+00
 976.0   2.700000E+01   0.000000E+00   0.000000E+00
 977.0   2.690000E+01   0.000000E+00   0.000000E+00
 978.0   2.690000E+01   0.000000E+00   0.000000E+00
 979.0   2.690000E+01   0.000000E+00   0.000000E+00
 980.0   2.680000E+01   0.000000E+00   0.000000E+00
 981.0   2.680000E+01   0.000000E+00   0.000000E+00
 982.0   2.670000E+01   0.000000E+00   0.000000E+00
 983.0   2.670000E+01   0.000000E+00   0.000000E+00
 984.0   2.670000E+01   0.000000E+00   0.000000E+00
 985.0   2.660000E+01   0.000000E+00   0.000000E+00
 986.0   2.660000E+01   0.000000E+00   0.000000E+00
 987.0   2.660000E+01   0.000000E+00   0.000000E+00
 988.0   2.650000E+01   0.000000E+00   0.000000E+00
 989.0   2.650000E+01   0.000000E+00   0.000000E+00
 990.0   2.650000E+01   0.000000E+00   0.000000E+00
 991.0   2.640000E+01   0.000000E+00   0.000000E+00
 992.0   2.640000E+01   0.000000E+00   0.000000E+00
 993.0   2.640000E+01   0.000000E+00   0.000000E+00
 994.0   2.630000E+01   0.000000E+00   0.000000E+00
 995.0   2.630000E+01   0.000000E+00   0.000000E+00
 996.0   2.630000E+01   0.000000E+00   0.000000E+00
 997.0   2.620000E+01   0.000000E+00   0.000000E+00
 998.0   2.620000E+01   0.000000E+00   0.000000E+00
 999.0   2.620000E+01   0.000000E+00   0.000000E+00
1000.0   2.610000E+01   0.000000E+00   0.000000E+00

